timestamp,symbol,week_key,price,regime,state,bar_pnl,realized_pnl,unrealized_pnl,gross_realized_pnl,gross_unrealized_pnl,gross_total_equity,total_equity,gross_deployment,weekly_occupancy,active_butterflies
2025-03-31T13:30:00+00:00,SPX,2025-03-31,5505.92,NEUTRAL,IDLE,0.0,0.0,0.0,0.0,0.0,0.0,0.0,0.0,False,0
2025-03-31T14:00:00+00:00,SPX,2025-03-31,5526.54,NEUTRAL,IDLE,0.0,0.0,0.0,0.0,0.0,0.0,0.0,0.0,False,0
2025-03-31T14:30:00+00:00,SPX,2025-03-31,5537.75,NEUTRAL,IDLE,0.0,0.0,0.0,0.0,0.0,0.0,0.0,0.0,False,0
2025-03-31T15:00:00+00:00,SPX,2025-03-31,5541.63,NEUTRAL,IDLE,0.0,0.0,0.0,0.0,0.0,0.0,0.0,0.0,False,0
2025-03-31T15:30:00+00:00,SPX,2025-03-31,5547.72,NEUTRAL,IDLE,0.0,0.0,0.0,0.0,0.0,0.0,0.0,0.0,False,0
2025-03-31T16:00:00+00:00,SPX,2025-03-31,5556.91,NEUTRAL,IDLE,0.0,0.0,0.0,0.0,0.0,0.0,0.0,0.0,False,0
2025-03-31T16:30:00+00:00,SPX,2025-03-31,5563.9,NEUTRAL,IDLE,0.0,0.0,0.0,0.0,0.0,0.0,0.0,0.0,False,0
2025-03-31T17:00:00+00:00,SPX,2025-03-31,5559.71,NEUTRAL,IDLE,0.0,0.0,0.0,0.0,0.0,0.0,0.0,0.0,False,0
2025-03-31T17:30:00+00:00,SPX,2025-03-31,5558.34,NEUTRAL,IDLE,0.0,0.0,0.0,0.0,0.0,0.0,0.0,0.0,False,0
2025-03-31T18:00:00+00:00,SPX,2025-03-31,5566.62,NEUTRAL,IDLE,0.0,0.0,0.0,0.0,0.0,0.0,0.0,0.0,False,0
2025-03-31T18:30:00+00:00,SPX,2025-03-31,5593.76,NEUTRAL,IDLE,0.0,0.0,0.0,0.0,0.0,0.0,0.0,0.0,False,0
2025-03-31T19:00:00+00:00,SPX,2025-03-31,5595.64,NEUTRAL,IDLE,0.0,0.0,0.0,0.0,0.0,0.0,0.0,0.0,False,0
2025-03-31T19:30:00+00:00,SPX,2025-03-31,5609.44,NEUTRAL,IDLE,0.0,0.0,0.0,0.0,0.0,0.0,0.0,0.0,False,0
2025-03-31T20:00:00+00:00,SPX,2025-03-31,5611.33,NEUTRAL,IDLE,0.0,0.0,0.0,0.0,0.0,0.0,0.0,0.0,False,0
2025-04-01T13:30:00+00:00,SPX,2025-03-31,5589.51,NEUTRAL,IDLE,0.0,0.0,0.0,0.0,0.0,0.0,0.0,0.0,False,0
2025-04-01T14:00:00+00:00,SPX,2025-03-31,5584.29,NEUTRAL,IDLE,0.0,0.0,0.0,0.0,0.0,0.0,0.0,0.0,False,0
2025-04-01T14:30:00+00:00,SPX,2025-03-31,5578.52,NEUTRAL,IDLE,0.0,0.0,0.0,0.0,0.0,0.0,0.0,0.0,False,0
2025-04-01T15:00:00+00:00,SPX,2025-03-31,5621.08,NEUTRAL,IDLE,0.0,0.0,0.0,0.0,0.0,0.0,0.0,0.0,False,0
2025-04-01T15:30:00+00:00,SPX,2025-03-31,5630.73,NEUTRAL,IDLE,0.0,0.0,0.0,0.0,0.0,0.0,0.0,0.0,False,0
2025-04-01T16:00:00+00:00,SPX,2025-03-31,5642.4,NEUTRAL,IDLE,0.0,0.0,0.0,0.0,0.0,0.0,0.0,0.0,False,0
2025-04-01T16:30:00+00:00,SPX,2025-03-31,5625.26,TREND_UP,IDLE,0.0,0.0,0.0,0.0,0.0,0.0,0.0,0.0,False,0
2025-04-01T17:00:00+00:00,SPX,2025-03-31,5629.95,TREND_UP,IDLE,0.0,0.0,0.0,0.0,0.0,0.0,0.0,0.0,False,0
2025-04-01T17:30:00+00:00,SPX,2025-03-31,5613.21,RANGE,ACTIVE,-82.668,0.0,-82.668,0.0,-82.5,-82.5,-82.668,82.668,False,3
2025-04-01T18:00:00+00:00,SPX,2025-03-31,5599.72,RANGE,ADJUSTED,15.719213937777795,0.0,-66.94878606222221,0.0,-66.7247860622222,-66.7247860622222,-66.94878606222221,110.224,True,4
2025-04-01T18:30:00+00:00,SPX,2025-03-31,5590.1,RANGE,ADJUSTED,-0.5684329933333174,0.0,-67.51721905555553,0.0,-67.29321905555553,-67.29321905555553,-67.51721905555553,110.224,True,4
2025-04-01T19:00:00+00:00,SPX,2025-03-31,5600.52,RANGE,ADJUSTED,0.769734188395006,0.0,-66.74748486716052,0.0,-66.52348486716052,-66.52348486716052,-66.74748486716052,110.224,True,4
2025-04-01T19:30:00+00:00,SPX,2025-03-31,5614.64,RANGE,ADJUSTED,-0.8992295372839436,0.0,-67.64671440444447,0.0,-67.42271440444446,-67.42271440444446,-67.64671440444447,110.224,True,4
2025-04-01T20:00:00+00:00,SPX,2025-03-31,5632.92,TREND_UP,ABORTED,-1.2680236143209669,-68.91473801876543,0.0,-68.63473801876543,0.0,-68.63473801876543,-68.91473801876543,0.0,False,0
2025-04-02T13:30:00+00:00,SPX,2025-03-31,5591.9,RANGE,ABORTED,0.0,-68.91473801876543,0.0,-68.63473801876543,0.0,-68.63473801876543,-68.91473801876543,0.0,False,0
2025-04-02T14:00:00+00:00,SPX,2025-03-31,5625.8,TREND_UP,ABORTED,0.0,-68.91473801876543,0.0,-68.63473801876543,0.0,-68.63473801876543,-68.91473801876543,0.0,False,0
2025-04-02T14:30:00+00:00,SPX,2025-03-31,5631.62,TREND_UP,ABORTED,0.0,-68.91473801876543,0.0,-68.63473801876543,0.0,-68.63473801876543,-68.91473801876543,0.0,False,0
2025-04-02T15:00:00+00:00,SPX,2025-03-31,5641.01,TREND_UP,ABORTED,0.0,-68.91473801876543,0.0,-68.63473801876543,0.0,-68.63473801876543,-68.91473801876543,0.0,False,0
2025-04-02T15:30:00+00:00,SPX,2025-03-31,5658.5,TREND_UP,ABORTED,0.0,-68.91473801876543,0.0,-68.63473801876543,0.0,-68.63473801876543,-68.91473801876543,0.0,False,0
2025-04-02T16:00:00+00:00,SPX,2025-03-31,5644.84,TREND_UP,ABORTED,0.0,-68.91473801876543,0.0,-68.63473801876543,0.0,-68.63473801876543,-68.91473801876543,0.0,False,0
2025-04-02T16:30:00+00:00,SPX,2025-03-31,5666.04,TREND_UP,ABORTED,0.0,-68.91473801876543,0.0,-68.63473801876543,0.0,-68.63473801876543,-68.91473801876543,0.0,False,0
2025-04-02T17:00:00+00:00,SPX,2025-03-31,5683.57,TREND_UP,ABORTED,0.0,-68.91473801876543,0.0,-68.63473801876543,0.0,-68.63473801876543,-68.91473801876543,0.0,False,0
2025-04-02T17:30:00+00:00,SPX,2025-03-31,5676.6,TREND_UP,ABORTED,0.0,-68.91473801876543,0.0,-68.63473801876543,0.0,-68.63473801876543,-68.91473801876543,0.0,False,0
2025-04-02T18:00:00+00:00,SPX,2025-03-31,5656.72,TREND_UP,ABORTED,0.0,-68.91473801876543,0.0,-68.63473801876543,0.0,-68.63473801876543,-68.91473801876543,0.0,False,0
2025-04-02T18:30:00+00:00,SPX,2025-03-31,5642.03,TREND_UP,ABORTED,0.0,-68.91473801876543,0.0,-68.63473801876543,0.0,-68.63473801876543,-68.91473801876543,0.0,False,0
2025-04-02T19:00:00+00:00,SPX,2025-03-31,5648.86,TREND_UP,ABORTED,0.0,-68.91473801876543,0.0,-68.63473801876543,0.0,-68.63473801876543,-68.91473801876543,0.0,False,0
2025-04-02T19:30:00+00:00,SPX,2025-03-31,5663.6,TREND_UP,ABORTED,0.0,-68.91473801876543,0.0,-68.63473801876543,0.0,-68.63473801876543,-68.91473801876543,0.0,False,0
2025-04-02T20:00:00+00:00,SPX,2025-03-31,5669.25,TREND_UP,ABORTED,0.0,-68.91473801876543,0.0,-68.63473801876543,0.0,-68.63473801876543,-68.91473801876543,0.0,False,0
2025-04-03T13:30:00+00:00,SPX,2025-03-31,5494.35,TREND_DOWN,ABORTED,0.0,-68.91473801876543,0.0,-68.63473801876543,0.0,-68.63473801876543,-68.91473801876543,0.0,False,0
2025-04-03T14:00:00+00:00,SPX,2025-03-31,5452.11,TREND_DOWN,ABORTED,0.0,-68.91473801876543,0.0,-68.63473801876543,0.0,-68.63473801876543,-68.91473801876543,0.0,False,0
2025-04-03T14:30:00+00:00,SPX,2025-03-31,5447.88,TREND_DOWN,ABORTED,0.0,-68.91473801876543,0.0,-68.63473801876543,0.0,-68.63473801876543,-68.91473801876543,0.0,False,0
2025-04-03T15:00:00+00:00,SPX,2025-03-31,5426.36,TREND_DOWN,ABORTED,0.0,-68.91473801876543,0.0,-68.63473801876543,0.0,-68.63473801876543,-68.91473801876543,0.0,False,0
2025-04-03T15:30:00+00:00,SPX,2025-03-31,5448.71,RANGE,ABORTED,0.0,-68.91473801876543,0.0,-68.63473801876543,0.0,-68.63473801876543,-68.91473801876543,0.0,False,0
2025-04-03T16:00:00+00:00,SPX,2025-03-31,5459.07,RANGE,ABORTED,0.0,-68.91473801876543,0.0,-68.63473801876543,0.0,-68.63473801876543,-68.91473801876543,0.0,False,0
2025-04-03T16:30:00+00:00,SPX,2025-03-31,5463.54,RANGE,ABORTED,0.0,-68.91473801876543,0.0,-68.63473801876543,0.0,-68.63473801876543,-68.91473801876543,0.0,False,0
2025-04-03T17:00:00+00:00,SPX,2025-03-31,5455.62,RANGE,ABORTED,0.0,-68.91473801876543,0.0,-68.63473801876543,0.0,-68.63473801876543,-68.91473801876543,0.0,False,0
2025-04-03T17:30:00+00:00,SPX,2025-03-31,5446.29,RANGE,ABORTED,0.0,-68.91473801876543,0.0,-68.63473801876543,0.0,-68.63473801876543,-68.91473801876543,0.0,False,0
2025-04-03T18:00:00+00:00,SPX,2025-03-31,5438.79,RANGE,ABORTED,0.0,-68.91473801876543,0.0,-68.63473801876543,0.0,-68.63473801876543,-68.91473801876543,0.0,False,0
2025-04-03T18:30:00+00:00,SPX,2025-03-31,5423.77,RANGE,ABORTED,0.0,-68.91473801876543,0.0,-68.63473801876543,0.0,-68.63473801876543,-68.91473801876543,0.0,False,0
2025-04-03T19:00:00+00:00,SPX,2025-03-31,5435.67,RANGE,ABORTED,0.0,-68.91473801876543,0.0,-68.63473801876543,0.0,-68.63473801876543,-68.91473801876543,0.0,False,0
2025-04-03T19:30:00+00:00,SPX,2025-03-31,5404.16,RANGE,ABORTED,0.0,-68.91473801876543,0.0,-68.63473801876543,0.0,-68.63473801876543,-68.91473801876543,0.0,False,0
2025-04-03T20:00:00+00:00,SPX,2025-03-31,5394.89,RANGE,ABORTED,0.0,-68.91473801876543,0.0,-68.63473801876543,0.0,-68.63473801876543,-68.91473801876543,0.0,False,0
2025-04-04T13:30:00+00:00,SPX,2025-03-31,5253.37,TREND_DOWN,ABORTED,0.0,-68.91473801876543,0.0,-68.63473801876543,0.0,-68.63473801876543,-68.91473801876543,0.0,False,0
2025-04-04T14:00:00+00:00,SPX,2025-03-31,5238.12,TREND_DOWN,ABORTED,0.0,-68.91473801876543,0.0,-68.63473801876543,0.0,-68.63473801876543,-68.91473801876543,0.0,False,0
2025-04-04T14:30:00+00:00,SPX,2025-03-31,5174.01,TREND_DOWN,ABORTED,0.0,-68.91473801876543,0.0,-68.63473801876543,0.0,-68.63473801876543,-68.91473801876543,0.0,False,0
2025-04-04T15:00:00+00:00,SPX,2025-03-31,5221.87,TREND_DOWN,ABORTED,0.0,-68.91473801876543,0.0,-68.63473801876543,0.0,-68.63473801876543,-68.91473801876543,0.0,False,0
2025-04-04T15:30:00+00:00,SPX,2025-03-31,5183.07,TREND_DOWN,ABORTED,0.0,-68.91473801876543,0.0,-68.63473801876543,0.0,-68.63473801876543,-68.91473801876543,0.0,False,0
2025-04-04T16:00:00+00:00,SPX,2025-03-31,5173.04,TREND_DOWN,ABORTED,0.0,-68.91473801876543,0.0,-68.63473801876543,0.0,-68.63473801876543,-68.91473801876543,0.0,False,0
2025-04-04T16:30:00+00:00,SPX,2025-03-31,5131.43,TREND_DOWN,ABORTED,0.0,-68.91473801876543,0.0,-68.63473801876543,0.0,-68.63473801876543,-68.91473801876543,0.0,False,0
2025-04-04T17:00:00+00:00,SPX,2025-03-31,5143.06,TREND_DOWN,ABORTED,0.0,-68.91473801876543,0.0,-68.63473801876543,0.0,-68.63473801876543,-68.91473801876543,0.0,False,0
2025-04-04T17:30:00+00:00,SPX,2025-03-31,5131.93,TREND_DOWN,ABORTED,0.0,-68.91473801876543,0.0,-68.63473801876543,0.0,-68.63473801876543,-68.91473801876543,0.0,False,0
2025-04-04T18:00:00+00:00,SPX,2025-03-31,5165.34,TREND_DOWN,ABORTED,0.0,-68.91473801876543,0.0,-68.63473801876543,0.0,-68.63473801876543,-68.91473801876543,0.0,False,0
2025-04-04T18:30:00+00:00,SPX,2025-03-31,5102.6,TREND_DOWN,ABORTED,0.0,-68.91473801876543,0.0,-68.63473801876543,0.0,-68.63473801876543,-68.91473801876543,0.0,False,0
2025-04-04T19:00:00+00:00,SPX,2025-03-31,5092.72,TREND_DOWN,ABORTED,0.0,-68.91473801876543,0.0,-68.63473801876543,0.0,-68.63473801876543,-68.91473801876543,0.0,False,0
2025-04-04T19:30:00+00:00,SPX,2025-03-31,5151.09,TREND_DOWN,ABORTED,0.0,-68.91473801876543,0.0,-68.63473801876543,0.0,-68.63473801876543,-68.91473801876543,0.0,False,0
2025-04-04T20:00:00+00:00,SPX,2025-03-31,5075.24,TREND_DOWN,ABORTED,0.0,-68.91473801876543,0.0,-68.63473801876543,0.0,-68.63473801876543,-68.91473801876543,0.0,False,0
2025-04-07T13:30:00+00:00,SPX,2025-04-07,4888.23,TREND_DOWN,IDLE,0.0,-68.91473801876543,0.0,-68.63473801876543,0.0,-68.63473801876543,-68.91473801876543,0.0,False,0
2025-04-07T14:00:00+00:00,SPX,2025-04-07,4968.02,TREND_DOWN,IDLE,0.0,-68.91473801876543,0.0,-68.63473801876543,0.0,-68.63473801876543,-68.91473801876543,0.0,False,0
2025-04-07T14:30:00+00:00,SPX,2025-04-07,5014.5,TREND_DOWN,IDLE,0.0,-68.91473801876543,0.0,-68.63473801876543,0.0,-68.63473801876543,-68.91473801876543,0.0,False,0
2025-04-07T15:00:00+00:00,SPX,2025-04-07,5100.17,TREND_DOWN,IDLE,0.0,-68.91473801876543,0.0,-68.63473801876543,0.0,-68.63473801876543,-68.91473801876543,0.0,False,0
2025-04-07T15:30:00+00:00,SPX,2025-04-07,4986.68,TREND_DOWN,IDLE,0.0,-68.91473801876543,0.0,-68.63473801876543,0.0,-68.63473801876543,-68.91473801876543,0.0,False,0
2025-04-07T16:00:00+00:00,SPX,2025-04-07,5004.97,TREND_DOWN,IDLE,0.0,-68.91473801876543,0.0,-68.63473801876543,0.0,-68.63473801876543,-68.91473801876543,0.0,False,0
2025-04-07T16:30:00+00:00,SPX,2025-04-07,5024.91,TREND_DOWN,IDLE,0.0,-68.91473801876543,0.0,-68.63473801876543,0.0,-68.63473801876543,-68.91473801876543,0.0,False,0
2025-04-07T17:00:00+00:00,SPX,2025-04-07,4986.04,TREND_DOWN,IDLE,0.0,-68.91473801876543,0.0,-68.63473801876543,0.0,-68.63473801876543,-68.91473801876543,0.0,False,0
2025-04-07T17:30:00+00:00,SPX,2025-04-07,5057.36,TREND_DOWN,IDLE,0.0,-68.91473801876543,0.0,-68.63473801876543,0.0,-68.63473801876543,-68.91473801876543,0.0,False,0
2025-04-07T18:00:00+00:00,SPX,2025-04-07,5101.86,TREND_DOWN,IDLE,0.0,-68.91473801876543,0.0,-68.63473801876543,0.0,-68.63473801876543,-68.91473801876543,0.0,False,0
2025-04-07T18:30:00+00:00,SPX,2025-04-07,5077.73,TREND_DOWN,IDLE,0.0,-68.91473801876543,0.0,-68.63473801876543,0.0,-68.63473801876543,-68.91473801876543,0.0,False,0
2025-04-07T19:00:00+00:00,SPX,2025-04-07,5054.74,TREND_DOWN,IDLE,0.0,-68.91473801876543,0.0,-68.63473801876543,0.0,-68.63473801876543,-68.91473801876543,0.0,False,0
2025-04-07T19:30:00+00:00,SPX,2025-04-07,5068.76,TREND_DOWN,IDLE,0.0,-68.91473801876543,0.0,-68.63473801876543,0.0,-68.63473801876543,-68.91473801876543,0.0,False,0
2025-04-07T20:00:00+00:00,SPX,2025-04-07,5059.86,TREND_DOWN,IDLE,0.0,-68.91473801876543,0.0,-68.63473801876543,0.0,-68.63473801876543,-68.91473801876543,0.0,False,0
2025-04-08T13:30:00+00:00,SPX,2025-04-07,5224.29,TREND_UP,IDLE,0.0,-68.91473801876543,0.0,-68.63473801876543,0.0,-68.63473801876543,-68.91473801876543,0.0,False,0
2025-04-08T14:00:00+00:00,SPX,2025-04-07,5250.8,TREND_UP,IDLE,0.0,-68.91473801876543,0.0,-68.63473801876543,0.0,-68.63473801876543,-68.91473801876543,0.0,False,0
2025-04-08T14:30:00+00:00,SPX,2025-04-07,5256.02,TREND_UP,IDLE,0.0,-68.91473801876543,0.0,-68.63473801876543,0.0,-68.63473801876543,-68.91473801876543,0.0,False,0
2025-04-08T15:00:00+00:00,SPX,2025-04-07,5207.71,TREND_DOWN,IDLE,0.0,-68.91473801876543,0.0,-68.63473801876543,0.0,-68.63473801876543,-68.91473801876543,0.0,False,0
2025-04-08T15:30:00+00:00,SPX,2025-04-07,5176.3,TREND_DOWN,IDLE,0.0,-68.91473801876543,0.0,-68.63473801876543,0.0,-68.63473801876543,-68.91473801876543,0.0,False,0
2025-04-08T16:00:00+00:00,SPX,2025-04-07,5182.07,TREND_DOWN,IDLE,0.0,-68.91473801876543,0.0,-68.63473801876543,0.0,-68.63473801876543,-68.91473801876543,0.0,False,0
2025-04-08T16:30:00+00:00,SPX,2025-04-07,5138.99,TREND_DOWN,IDLE,0.0,-68.91473801876543,0.0,-68.63473801876543,0.0,-68.63473801876543,-68.91473801876543,0.0,False,0
2025-04-08T17:00:00+00:00,SPX,2025-04-07,5093.36,TREND_DOWN,IDLE,0.0,-68.91473801876543,0.0,-68.63473801876543,0.0,-68.63473801876543,-68.91473801876543,0.0,False,0
2025-04-08T17:30:00+00:00,SPX,2025-04-07,5041.62,TREND_DOWN,IDLE,0.0,-68.91473801876543,0.0,-68.63473801876543,0.0,-68.63473801876543,-68.91473801876543,0.0,False,0
2025-04-08T18:00:00+00:00,SPX,2025-04-07,5079.11,TREND_DOWN,IDLE,0.0,-68.91473801876543,0.0,-68.63473801876543,0.0,-68.63473801876543,-68.91473801876543,0.0,False,0
2025-04-08T18:30:00+00:00,SPX,2025-04-07,5054.91,TREND_DOWN,IDLE,0.0,-68.91473801876543,0.0,-68.63473801876543,0.0,-68.63473801876543,-68.91473801876543,0.0,False,0
2025-04-08T19:00:00+00:00,SPX,2025-04-07,5022.26,TREND_DOWN,IDLE,0.0,-68.91473801876543,0.0,-68.63473801876543,0.0,-68.63473801876543,-68.91473801876543,0.0,False,0
2025-04-08T19:30:00+00:00,SPX,2025-04-07,4971.7,TREND_DOWN,IDLE,0.0,-68.91473801876543,0.0,-68.63473801876543,0.0,-68.63473801876543,-68.91473801876543,0.0,False,0
2025-04-08T20:00:00+00:00,SPX,2025-04-07,4985.67,TREND_DOWN,IDLE,0.0,-68.91473801876543,0.0,-68.63473801876543,0.0,-68.63473801876543,-68.91473801876543,0.0,False,0
2025-04-09T13:30:00+00:00,SPX,2025-04-07,4969.33,TREND_DOWN,IDLE,0.0,-68.91473801876543,0.0,-68.63473801876543,0.0,-68.63473801876543,-68.91473801876543,0.0,False,0
2025-04-09T14:00:00+00:00,SPX,2025-04-07,5036.37,TREND_DOWN,IDLE,0.0,-68.91473801876543,0.0,-68.63473801876543,0.0,-68.63473801876543,-68.91473801876543,0.0,False,0
2025-04-09T14:30:00+00:00,SPX,2025-04-07,5027.78,TREND_DOWN,IDLE,0.0,-68.91473801876543,0.0,-68.63473801876543,0.0,-68.63473801876543,-68.91473801876543,0.0,False,0
2025-04-09T15:00:00+00:00,SPX,2025-04-07,4972.97,TREND_DOWN,IDLE,0.0,-68.91473801876543,0.0,-68.63473801876543,0.0,-68.63473801876543,-68.91473801876543,0.0,False,0
2025-04-09T15:30:00+00:00,SPX,2025-04-07,4990.96,TREND_DOWN,IDLE,0.0,-68.91473801876543,0.0,-68.63473801876543,0.0,-68.63473801876543,-68.91473801876543,0.0,False,0
2025-04-09T16:00:00+00:00,SPX,2025-04-07,4975.07,TREND_DOWN,IDLE,0.0,-68.91473801876543,0.0,-68.63473801876543,0.0,-68.63473801876543,-68.91473801876543,0.0,False,0
2025-04-09T16:30:00+00:00,SPX,2025-04-07,5017.01,TREND_DOWN,IDLE,0.0,-68.91473801876543,0.0,-68.63473801876543,0.0,-68.63473801876543,-68.91473801876543,0.0,False,0
2025-04-09T17:00:00+00:00,SPX,2025-04-07,5071.89,TREND_DOWN,IDLE,0.0,-68.91473801876543,0.0,-68.63473801876543,0.0,-68.63473801876543,-68.91473801876543,0.0,False,0
2025-04-09T17:30:00+00:00,SPX,2025-04-07,5337.04,TREND_UP,IDLE,0.0,-68.91473801876543,0.0,-68.63473801876543,0.0,-68.63473801876543,-68.91473801876543,0.0,False,0
2025-04-09T18:00:00+00:00,SPX,2025-04-07,5379.73,TREND_UP,IDLE,0.0,-68.91473801876543,0.0,-68.63473801876543,0.0,-68.63473801876543,-68.91473801876543,0.0,False,0
2025-04-09T18:30:00+00:00,SPX,2025-04-07,5378.37,TREND_UP,IDLE,0.0,-68.91473801876543,0.0,-68.63473801876543,0.0,-68.63473801876543,-68.91473801876543,0.0,False,0
2025-04-09T19:00:00+00:00,SPX,2025-04-07,5362.71,TREND_UP,IDLE,0.0,-68.91473801876543,0.0,-68.63473801876543,0.0,-68.63473801876543,-68.91473801876543,0.0,False,0
2025-04-09T19:30:00+00:00,SPX,2025-04-07,5441.58,TREND_UP,IDLE,0.0,-68.91473801876543,0.0,-68.63473801876543,0.0,-68.63473801876543,-68.91473801876543,0.0,False,0
2025-04-09T20:00:00+00:00,SPX,2025-04-07,5451.61,NEUTRAL,IDLE,0.0,-68.91473801876543,0.0,-68.63473801876543,0.0,-68.63473801876543,-68.91473801876543,0.0,False,0
2025-04-10T13:30:00+00:00,SPX,2025-04-07,5338.0,TREND_DOWN,IDLE,0.0,-68.91473801876543,0.0,-68.63473801876543,0.0,-68.63473801876543,-68.91473801876543,0.0,False,0
2025-04-10T14:00:00+00:00,SPX,2025-04-07,5304.31,TREND_DOWN,IDLE,0.0,-68.91473801876543,0.0,-68.63473801876543,0.0,-68.63473801876543,-68.91473801876543,0.0,False,0
2025-04-10T14:30:00+00:00,SPX,2025-04-07,5325.68,TREND_DOWN,IDLE,0.0,-68.91473801876543,0.0,-68.63473801876543,0.0,-68.63473801876543,-68.91473801876543,0.0,False,0
2025-04-10T15:00:00+00:00,SPX,2025-04-07,5284.18,TREND_DOWN,IDLE,0.0,-68.91473801876543,0.0,-68.63473801876543,0.0,-68.63473801876543,-68.91473801876543,0.0,False,0
2025-04-10T15:30:00+00:00,SPX,2025-04-07,5251.64,TREND_DOWN,IDLE,0.0,-68.91473801876543,0.0,-68.63473801876543,0.0,-68.63473801876543,-68.91473801876543,0.0,False,0
2025-04-10T16:00:00+00:00,SPX,2025-04-07,5183.26,TREND_DOWN,IDLE,0.0,-68.91473801876543,0.0,-68.63473801876543,0.0,-68.63473801876543,-68.91473801876543,0.0,False,0
2025-04-10T16:30:00+00:00,SPX,2025-04-07,5186.26,TREND_DOWN,IDLE,0.0,-68.91473801876543,0.0,-68.63473801876543,0.0,-68.63473801876543,-68.91473801876543,0.0,False,0
2025-04-10T17:00:00+00:00,SPX,2025-04-07,5229.32,TREND_DOWN,IDLE,0.0,-68.91473801876543,0.0,-68.63473801876543,0.0,-68.63473801876543,-68.91473801876543,0.0,False,0
2025-04-10T17:30:00+00:00,SPX,2025-04-07,5209.64,NEUTRAL,IDLE,0.0,-68.91473801876543,0.0,-68.63473801876543,0.0,-68.63473801876543,-68.91473801876543,0.0,False,0
2025-04-10T18:00:00+00:00,SPX,2025-04-07,5288.29,NEUTRAL,IDLE,0.0,-68.91473801876543,0.0,-68.63473801876543,0.0,-68.63473801876543,-68.91473801876543,0.0,False,0
2025-04-10T18:30:00+00:00,SPX,2025-04-07,5288.65,TREND_UP,IDLE,0.0,-68.91473801876543,0.0,-68.63473801876543,0.0,-68.63473801876543,-68.91473801876543,0.0,False,0
2025-04-10T19:00:00+00:00,SPX,2025-04-07,5304.59,NEUTRAL,IDLE,0.0,-68.91473801876543,0.0,-68.63473801876543,0.0,-68.63473801876543,-68.91473801876543,0.0,False,0
2025-04-10T19:30:00+00:00,SPX,2025-04-07,5257.13,NEUTRAL,IDLE,0.0,-68.91473801876543,0.0,-68.63473801876543,0.0,-68.63473801876543,-68.91473801876543,0.0,False,0
2025-04-10T20:00:00+00:00,SPX,2025-04-07,5268.18,NEUTRAL,IDLE,0.0,-68.91473801876543,0.0,-68.63473801876543,0.0,-68.63473801876543,-68.91473801876543,0.0,False,0
2025-04-11T13:30:00+00:00,SPX,2025-04-07,5244.34,TREND_UP,IDLE,0.0,-68.91473801876543,0.0,-68.63473801876543,0.0,-68.63473801876543,-68.91473801876543,0.0,False,0
2025-04-11T14:00:00+00:00,SPX,2025-04-07,5270.6,TREND_UP,IDLE,0.0,-68.91473801876543,0.0,-68.63473801876543,0.0,-68.63473801876543,-68.91473801876543,0.0,False,0
2025-04-11T14:30:00+00:00,SPX,2025-04-07,5256.45,TREND_UP,IDLE,0.0,-68.91473801876543,0.0,-68.63473801876543,0.0,-68.63473801876543,-68.91473801876543,0.0,False,0
2025-04-11T15:00:00+00:00,SPX,2025-04-07,5246.78,NEUTRAL,IDLE,0.0,-68.91473801876543,0.0,-68.63473801876543,0.0,-68.63473801876543,-68.91473801876543,0.0,False,0
2025-04-11T15:30:00+00:00,SPX,2025-04-07,5255.13,TREND_UP,IDLE,0.0,-68.91473801876543,0.0,-68.63473801876543,0.0,-68.63473801876543,-68.91473801876543,0.0,False,0
2025-04-11T16:00:00+00:00,SPX,2025-04-07,5287.06,TREND_UP,IDLE,0.0,-68.91473801876543,0.0,-68.63473801876543,0.0,-68.63473801876543,-68.91473801876543,0.0,False,0
2025-04-11T16:30:00+00:00,SPX,2025-04-07,5316.44,TREND_UP,IDLE,0.0,-68.91473801876543,0.0,-68.63473801876543,0.0,-68.63473801876543,-68.91473801876543,0.0,False,0
2025-04-11T17:00:00+00:00,SPX,2025-04-07,5338.19,TREND_UP,IDLE,0.0,-68.91473801876543,0.0,-68.63473801876543,0.0,-68.63473801876543,-68.91473801876543,0.0,False,0
2025-04-11T17:30:00+00:00,SPX,2025-04-07,5316.38,TREND_UP,IDLE,0.0,-68.91473801876543,0.0,-68.63473801876543,0.0,-68.63473801876543,-68.91473801876543,0.0,False,0
2025-04-11T18:00:00+00:00,SPX,2025-04-07,5365.78,TREND_UP,IDLE,0.0,-68.91473801876543,0.0,-68.63473801876543,0.0,-68.63473801876543,-68.91473801876543,0.0,False,0
2025-04-11T18:30:00+00:00,SPX,2025-04-07,5347.71,TREND_UP,IDLE,0.0,-68.91473801876543,0.0,-68.63473801876543,0.0,-68.63473801876543,-68.91473801876543,0.0,False,0
2025-04-11T19:00:00+00:00,SPX,2025-04-07,5356.46,TREND_UP,IDLE,0.0,-68.91473801876543,0.0,-68.63473801876543,0.0,-68.63473801876543,-68.91473801876543,0.0,False,0
2025-04-11T19:30:00+00:00,SPX,2025-04-07,5367.4,TREND_UP,IDLE,0.0,-68.91473801876543,0.0,-68.63473801876543,0.0,-68.63473801876543,-68.91473801876543,0.0,False,0
2025-04-11T20:00:00+00:00,SPX,2025-04-07,5361.2,TREND_UP,IDLE,0.0,-68.91473801876543,0.0,-68.63473801876543,0.0,-68.63473801876543,-68.91473801876543,0.0,False,0
2025-04-14T13:30:00+00:00,SPX,2025-04-14,5445.8,TREND_UP,IDLE,0.0,-68.91473801876543,0.0,-68.63473801876543,0.0,-68.63473801876543,-68.91473801876543,0.0,False,0
2025-04-14T14:00:00+00:00,SPX,2025-04-14,5444.84,TREND_UP,IDLE,0.0,-68.91473801876543,0.0,-68.63473801876543,0.0,-68.63473801876543,-68.91473801876543,0.0,False,0
2025-04-14T14:30:00+00:00,SPX,2025-04-14,5439.78,TREND_UP,IDLE,0.0,-68.91473801876543,0.0,-68.63473801876543,0.0,-68.63473801876543,-68.91473801876543,0.0,False,0
2025-04-14T15:00:00+00:00,SPX,2025-04-14,5436.58,TREND_UP,IDLE,0.0,-68.91473801876543,0.0,-68.63473801876543,0.0,-68.63473801876543,-68.91473801876543,0.0,False,0
2025-04-14T15:30:00+00:00,SPX,2025-04-14,5414.4,TREND_UP,IDLE,0.0,-68.91473801876543,0.0,-68.63473801876543,0.0,-68.63473801876543,-68.91473801876543,0.0,False,0
2025-04-14T16:00:00+00:00,SPX,2025-04-14,5382.73,TREND_UP,IDLE,0.0,-68.91473801876543,0.0,-68.63473801876543,0.0,-68.63473801876543,-68.91473801876543,0.0,False,0
2025-04-14T16:30:00+00:00,SPX,2025-04-14,5393.13,TREND_UP,IDLE,0.0,-68.91473801876543,0.0,-68.63473801876543,0.0,-68.63473801876543,-68.91473801876543,0.0,False,0
2025-04-14T17:00:00+00:00,SPX,2025-04-14,5381.14,TREND_UP,IDLE,0.0,-68.91473801876543,0.0,-68.63473801876543,0.0,-68.63473801876543,-68.91473801876543,0.0,False,0
2025-04-14T17:30:00+00:00,SPX,2025-04-14,5392.69,TREND_UP,IDLE,0.0,-68.91473801876543,0.0,-68.63473801876543,0.0,-68.63473801876543,-68.91473801876543,0.0,False,0
2025-04-14T18:00:00+00:00,SPX,2025-04-14,5413.19,TREND_UP,IDLE,0.0,-68.91473801876543,0.0,-68.63473801876543,0.0,-68.63473801876543,-68.91473801876543,0.0,False,0
2025-04-14T18:30:00+00:00,SPX,2025-04-14,5423.85,TREND_UP,IDLE,0.0,-68.91473801876543,0.0,-68.63473801876543,0.0,-68.63473801876543,-68.91473801876543,0.0,False,0
2025-04-14T19:00:00+00:00,SPX,2025-04-14,5431.95,TREND_UP,IDLE,0.0,-68.91473801876543,0.0,-68.63473801876543,0.0,-68.63473801876543,-68.91473801876543,0.0,False,0
2025-04-14T19:30:00+00:00,SPX,2025-04-14,5432.55,TREND_UP,IDLE,0.0,-68.91473801876543,0.0,-68.63473801876543,0.0,-68.63473801876543,-68.91473801876543,0.0,False,0
2025-04-14T20:00:00+00:00,SPX,2025-04-14,5405.56,TREND_UP,IDLE,0.0,-68.91473801876543,0.0,-68.63473801876543,0.0,-68.63473801876543,-68.91473801876543,0.0,False,0
2025-04-15T13:30:00+00:00,SPX,2025-04-14,5420.26,TREND_UP,IDLE,0.0,-68.91473801876543,0.0,-68.63473801876543,0.0,-68.63473801876543,-68.91473801876543,0.0,False,0
2025-04-15T14:00:00+00:00,SPX,2025-04-14,5437.13,TREND_UP,IDLE,0.0,-68.91473801876543,0.0,-68.63473801876543,0.0,-68.63473801876543,-68.91473801876543,0.0,False,0
2025-04-15T14:30:00+00:00,SPX,2025-04-14,5425.71,TREND_UP,IDLE,0.0,-68.91473801876543,0.0,-68.63473801876543,0.0,-68.63473801876543,-68.91473801876543,0.0,False,0
2025-04-15T15:00:00+00:00,SPX,2025-04-14,5431.9,TREND_UP,IDLE,0.0,-68.91473801876543,0.0,-68.63473801876543,0.0,-68.63473801876543,-68.91473801876543,0.0,False,0
2025-04-15T15:30:00+00:00,SPX,2025-04-14,5424.04,TREND_UP,IDLE,0.0,-68.91473801876543,0.0,-68.63473801876543,0.0,-68.63473801876543,-68.91473801876543,0.0,False,0
2025-04-15T16:00:00+00:00,SPX,2025-04-14,5431.07,TREND_UP,IDLE,0.0,-68.91473801876543,0.0,-68.63473801876543,0.0,-68.63473801876543,-68.91473801876543,0.0,False,0
2025-04-15T16:30:00+00:00,SPX,2025-04-14,5425.86,TREND_UP,IDLE,0.0,-68.91473801876543,0.0,-68.63473801876543,0.0,-68.63473801876543,-68.91473801876543,0.0,False,0
2025-04-15T17:00:00+00:00,SPX,2025-04-14,5413.75,TREND_UP,IDLE,0.0,-68.91473801876543,0.0,-68.63473801876543,0.0,-68.63473801876543,-68.91473801876543,0.0,False,0
2025-04-15T17:30:00+00:00,SPX,2025-04-14,5398.6,TREND_UP,IDLE,0.0,-68.91473801876543,0.0,-68.63473801876543,0.0,-68.63473801876543,-68.91473801876543,0.0,False,0
2025-04-15T18:00:00+00:00,SPX,2025-04-14,5398.45,TREND_UP,IDLE,0.0,-68.91473801876543,0.0,-68.63473801876543,0.0,-68.63473801876543,-68.91473801876543,0.0,False,0
2025-04-15T18:30:00+00:00,SPX,2025-04-14,5399.67,TREND_UP,IDLE,0.0,-68.91473801876543,0.0,-68.63473801876543,0.0,-68.63473801876543,-68.91473801876543,0.0,False,0
2025-04-15T19:00:00+00:00,SPX,2025-04-14,5402.67,TREND_UP,IDLE,0.0,-68.91473801876543,0.0,-68.63473801876543,0.0,-68.63473801876543,-68.91473801876543,0.0,False,0
2025-04-15T19:30:00+00:00,SPX,2025-04-14,5400.76,TREND_UP,IDLE,0.0,-68.91473801876543,0.0,-68.63473801876543,0.0,-68.63473801876543,-68.91473801876543,0.0,False,0
2025-04-15T20:00:00+00:00,SPX,2025-04-14,5396.7,TREND_UP,IDLE,0.0,-68.91473801876543,0.0,-68.63473801876543,0.0,-68.63473801876543,-68.91473801876543,0.0,False,0
2025-04-16T13:30:00+00:00,SPX,2025-04-14,5347.63,TREND_UP,IDLE,0.0,-68.91473801876543,0.0,-68.63473801876543,0.0,-68.63473801876543,-68.91473801876543,0.0,False,0
2025-04-16T14:00:00+00:00,SPX,2025-04-14,5321.64,TREND_UP,IDLE,0.0,-68.91473801876543,0.0,-68.63473801876543,0.0,-68.63473801876543,-68.91473801876543,0.0,False,0
2025-04-16T14:30:00+00:00,SPX,2025-04-14,5338.37,NEUTRAL,IDLE,0.0,-68.91473801876543,0.0,-68.63473801876543,0.0,-68.63473801876543,-68.91473801876543,0.0,False,0
2025-04-16T15:00:00+00:00,SPX,2025-04-14,5338.73,RANGE,IDLE,0.0,-68.91473801876543,0.0,-68.63473801876543,0.0,-68.63473801876543,-68.91473801876543,0.0,False,0
2025-04-16T15:30:00+00:00,SPX,2025-04-14,5361.68,RANGE,IDLE,0.0,-68.91473801876543,0.0,-68.63473801876543,0.0,-68.63473801876543,-68.91473801876543,0.0,False,0
2025-04-16T16:00:00+00:00,SPX,2025-04-14,5335.64,RANGE,IDLE,0.0,-68.91473801876543,0.0,-68.63473801876543,0.0,-68.63473801876543,-68.91473801876543,0.0,False,0
2025-04-16T16:30:00+00:00,SPX,2025-04-14,5337.37,RANGE,IDLE,0.0,-68.91473801876543,0.0,-68.63473801876543,0.0,-68.63473801876543,-68.91473801876543,0.0,False,0
2025-04-16T17:00:00+00:00,SPX,2025-04-14,5324.08,TREND_DOWN,IDLE,0.0,-68.91473801876543,0.0,-68.63473801876543,0.0,-68.63473801876543,-68.91473801876543,0.0,False,0
2025-04-16T17:30:00+00:00,SPX,2025-04-14,5303.24,RANGE,IDLE,0.0,-68.91473801876543,0.0,-68.63473801876543,0.0,-68.63473801876543,-68.91473801876543,0.0,False,0
2025-04-16T18:00:00+00:00,SPX,2025-04-14,5269.24,RANGE,IDLE,0.0,-68.91473801876543,0.0,-68.63473801876543,0.0,-68.63473801876543,-68.91473801876543,0.0,False,0
2025-04-16T18:30:00+00:00,SPX,2025-04-14,5272.35,RANGE,IDLE,0.0,-68.91473801876543,0.0,-68.63473801876543,0.0,-68.63473801876543,-68.91473801876543,0.0,False,0
2025-04-16T19:00:00+00:00,SPX,2025-04-14,5239.46,RANGE,IDLE,0.0,-68.91473801876543,0.0,-68.63473801876543,0.0,-68.63473801876543,-68.91473801876543,0.0,False,0
2025-04-16T19:30:00+00:00,SPX,2025-04-14,5236.14,RANGE,IDLE,0.0,-68.91473801876543,0.0,-68.63473801876543,0.0,-68.63473801876543,-68.91473801876543,0.0,False,0
2025-04-16T20:00:00+00:00,SPX,2025-04-14,5276.26,RANGE,IDLE,0.0,-68.91473801876543,0.0,-68.63473801876543,0.0,-68.63473801876543,-68.91473801876543,0.0,False,0
2025-04-17T13:30:00+00:00,SPX,2025-04-14,5287.79,RANGE,IDLE,0.0,-68.91473801876543,0.0,-68.63473801876543,0.0,-68.63473801876543,-68.91473801876543,0.0,False,0
2025-04-17T14:00:00+00:00,SPX,2025-04-14,5301.51,RANGE,IDLE,0.0,-68.91473801876543,0.0,-68.63473801876543,0.0,-68.63473801876543,-68.91473801876543,0.0,False,0
2025-04-17T14:30:00+00:00,SPX,2025-04-14,5267.26,RANGE,IDLE,0.0,-68.91473801876543,0.0,-68.63473801876543,0.0,-68.63473801876543,-68.91473801876543,0.0,False,0
2025-04-17T15:00:00+00:00,SPX,2025-04-14,5271.39,RANGE,IDLE,0.0,-68.91473801876543,0.0,-68.63473801876543,0.0,-68.63473801876543,-68.91473801876543,0.0,False,0
2025-04-17T15:30:00+00:00,SPX,2025-04-14,5293.26,RANGE,IDLE,0.0,-68.91473801876543,0.0,-68.63473801876543,0.0,-68.63473801876543,-68.91473801876543,0.0,False,0
2025-04-17T16:00:00+00:00,SPX,2025-04-14,5281.87,RANGE,IDLE,0.0,-68.91473801876543,0.0,-68.63473801876543,0.0,-68.63473801876543,-68.91473801876543,0.0,False,0
2025-04-17T16:30:00+00:00,SPX,2025-04-14,5315.32,RANGE,IDLE,0.0,-68.91473801876543,0.0,-68.63473801876543,0.0,-68.63473801876543,-68.91473801876543,0.0,False,0
2025-04-17T17:00:00+00:00,SPX,2025-04-14,5312.86,RANGE,IDLE,0.0,-68.91473801876543,0.0,-68.63473801876543,0.0,-68.63473801876543,-68.91473801876543,0.0,False,0
2025-04-17T17:30:00+00:00,SPX,2025-04-14,5304.15,RANGE,IDLE,0.0,-68.91473801876543,0.0,-68.63473801876543,0.0,-68.63473801876543,-68.91473801876543,0.0,False,0
2025-04-17T18:00:00+00:00,SPX,2025-04-14,5320.76,RANGE,IDLE,0.0,-68.91473801876543,0.0,-68.63473801876543,0.0,-68.63473801876543,-68.91473801876543,0.0,False,0
2025-04-17T18:30:00+00:00,SPX,2025-04-14,5319.61,RANGE,IDLE,0.0,-68.91473801876543,0.0,-68.63473801876543,0.0,-68.63473801876543,-68.91473801876543,0.0,False,0
2025-04-17T19:00:00+00:00,SPX,2025-04-14,5302.76,RANGE,IDLE,0.0,-68.91473801876543,0.0,-68.63473801876543,0.0,-68.63473801876543,-68.91473801876543,0.0,False,0
2025-04-17T19:30:00+00:00,SPX,2025-04-14,5296.41,RANGE,IDLE,0.0,-68.91473801876543,0.0,-68.63473801876543,0.0,-68.63473801876543,-68.91473801876543,0.0,False,0
2025-04-17T20:00:00+00:00,SPX,2025-04-14,5283.5,RANGE,IDLE,0.0,-68.91473801876543,0.0,-68.63473801876543,0.0,-68.63473801876543,-68.91473801876543,0.0,False,0
2025-04-21T13:30:00+00:00,SPX,2025-04-21,5221.15,RANGE,IDLE,0.0,-68.91473801876543,0.0,-68.63473801876543,0.0,-68.63473801876543,-68.91473801876543,0.0,False,0
2025-04-21T14:00:00+00:00,SPX,2025-04-21,5184.19,TREND_DOWN,IDLE,0.0,-68.91473801876543,0.0,-68.63473801876543,0.0,-68.63473801876543,-68.91473801876543,0.0,False,0
2025-04-21T14:30:00+00:00,SPX,2025-04-21,5170.04,TREND_DOWN,IDLE,0.0,-68.91473801876543,0.0,-68.63473801876543,0.0,-68.63473801876543,-68.91473801876543,0.0,False,0
2025-04-21T15:00:00+00:00,SPX,2025-04-21,5158.57,TREND_DOWN,IDLE,0.0,-68.91473801876543,0.0,-68.63473801876543,0.0,-68.63473801876543,-68.91473801876543,0.0,False,0
2025-04-21T15:30:00+00:00,SPX,2025-04-21,5137.99,TREND_DOWN,IDLE,0.0,-68.91473801876543,0.0,-68.63473801876543,0.0,-68.63473801876543,-68.91473801876543,0.0,False,0
2025-04-21T16:00:00+00:00,SPX,2025-04-21,5131.86,TREND_DOWN,IDLE,0.0,-68.91473801876543,0.0,-68.63473801876543,0.0,-68.63473801876543,-68.91473801876543,0.0,False,0
2025-04-21T16:30:00+00:00,SPX,2025-04-21,5139.24,TREND_DOWN,IDLE,0.0,-68.91473801876543,0.0,-68.63473801876543,0.0,-68.63473801876543,-68.91473801876543,0.0,False,0
2025-04-21T17:00:00+00:00,SPX,2025-04-21,5118.17,TREND_DOWN,IDLE,0.0,-68.91473801876543,0.0,-68.63473801876543,0.0,-68.63473801876543,-68.91473801876543,0.0,False,0
2025-04-21T17:30:00+00:00,SPX,2025-04-21,5117.11,TREND_DOWN,IDLE,0.0,-68.91473801876543,0.0,-68.63473801876543,0.0,-68.63473801876543,-68.91473801876543,0.0,False,0
2025-04-21T18:00:00+00:00,SPX,2025-04-21,5103.29,TREND_DOWN,IDLE,0.0,-68.91473801876543,0.0,-68.63473801876543,0.0,-68.63473801876543,-68.91473801876543,0.0,False,0
2025-04-21T18:30:00+00:00,SPX,2025-04-21,5118.41,TREND_DOWN,IDLE,0.0,-68.91473801876543,0.0,-68.63473801876543,0.0,-68.63473801876543,-68.91473801876543,0.0,False,0
2025-04-21T19:00:00+00:00,SPX,2025-04-21,5113.92,TREND_DOWN,IDLE,0.0,-68.91473801876543,0.0,-68.63473801876543,0.0,-68.63473801876543,-68.91473801876543,0.0,False,0
2025-04-21T19:30:00+00:00,SPX,2025-04-21,5125.15,TREND_DOWN,IDLE,0.0,-68.91473801876543,0.0,-68.63473801876543,0.0,-68.63473801876543,-68.91473801876543,0.0,False,0
2025-04-21T20:00:00+00:00,SPX,2025-04-21,5157.81,TREND_DOWN,IDLE,0.0,-68.91473801876543,0.0,-68.63473801876543,0.0,-68.63473801876543,-68.91473801876543,0.0,False,0
2025-04-22T13:30:00+00:00,SPX,2025-04-21,5210.27,TREND_DOWN,IDLE,0.0,-68.91473801876543,0.0,-68.63473801876543,0.0,-68.63473801876543,-68.91473801876543,0.0,False,0
2025-04-22T14:00:00+00:00,SPX,2025-04-21,5239.24,TREND_UP,IDLE,0.0,-68.91473801876543,0.0,-68.63473801876543,0.0,-68.63473801876543,-68.91473801876543,0.0,False,0
2025-04-22T14:30:00+00:00,SPX,2025-04-21,5246.25,TREND_DOWN,IDLE,0.0,-68.91473801876543,0.0,-68.63473801876543,0.0,-68.63473801876543,-68.91473801876543,0.0,False,0
2025-04-22T15:00:00+00:00,SPX,2025-04-21,5267.05,TREND_DOWN,IDLE,0.0,-68.91473801876543,0.0,-68.63473801876543,0.0,-68.63473801876543,-68.91473801876543,0.0,False,0
2025-04-22T15:30:00+00:00,SPX,2025-04-21,5267.68,TREND_DOWN,IDLE,0.0,-68.91473801876543,0.0,-68.63473801876543,0.0,-68.63473801876543,-68.91473801876543,0.0,False,0
2025-04-22T16:00:00+00:00,SPX,2025-04-21,5291.29,TREND_DOWN,IDLE,0.0,-68.91473801876543,0.0,-68.63473801876543,0.0,-68.63473801876543,-68.91473801876543,0.0,False,0
2025-04-22T16:30:00+00:00,SPX,2025-04-21,5301.84,TREND_DOWN,IDLE,0.0,-68.91473801876543,0.0,-68.63473801876543,0.0,-68.63473801876543,-68.91473801876543,0.0,False,0
2025-04-22T17:00:00+00:00,SPX,2025-04-21,5294.56,TREND_DOWN,IDLE,0.0,-68.91473801876543,0.0,-68.63473801876543,0.0,-68.63473801876543,-68.91473801876543,0.0,False,0
2025-04-22T17:30:00+00:00,SPX,2025-04-21,5245.04,TREND_DOWN,IDLE,0.0,-68.91473801876543,0.0,-68.63473801876543,0.0,-68.63473801876543,-68.91473801876543,0.0,False,0
2025-04-22T18:00:00+00:00,SPX,2025-04-21,5250.45,TREND_DOWN,IDLE,0.0,-68.91473801876543,0.0,-68.63473801876543,0.0,-68.63473801876543,-68.91473801876543,0.0,False,0
2025-04-22T18:30:00+00:00,SPX,2025-04-21,5274.27,TREND_DOWN,IDLE,0.0,-68.91473801876543,0.0,-68.63473801876543,0.0,-68.63473801876543,-68.91473801876543,0.0,False,0
2025-04-22T19:00:00+00:00,SPX,2025-04-21,5285.46,TREND_DOWN,IDLE,0.0,-68.91473801876543,0.0,-68.63473801876543,0.0,-68.63473801876543,-68.91473801876543,0.0,False,0
2025-04-22T19:30:00+00:00,SPX,2025-04-21,5264.48,TREND_DOWN,IDLE,0.0,-68.91473801876543,0.0,-68.63473801876543,0.0,-68.63473801876543,-68.91473801876543,0.0,False,0
2025-04-22T20:00:00+00:00,SPX,2025-04-21,5286.81,TREND_DOWN,IDLE,0.0,-68.91473801876543,0.0,-68.63473801876543,0.0,-68.63473801876543,-68.91473801876543,0.0,False,0
2025-04-23T13:30:00+00:00,SPX,2025-04-21,5428.84,TREND_UP,IDLE,0.0,-68.91473801876543,0.0,-68.63473801876543,0.0,-68.63473801876543,-68.91473801876543,0.0,False,0
2025-04-23T14:00:00+00:00,SPX,2025-04-21,5452.05,TREND_UP,IDLE,0.0,-68.91473801876543,0.0,-68.63473801876543,0.0,-68.63473801876543,-68.91473801876543,0.0,False,0
2025-04-23T14:30:00+00:00,SPX,2025-04-21,5464.31,TREND_UP,IDLE,0.0,-68.91473801876543,0.0,-68.63473801876543,0.0,-68.63473801876543,-68.91473801876543,0.0,False,0
2025-04-23T15:00:00+00:00,SPX,2025-04-21,5445.07,RANGE,IDLE,0.0,-68.91473801876543,0.0,-68.63473801876543,0.0,-68.63473801876543,-68.91473801876543,0.0,False,0
2025-04-23T15:30:00+00:00,SPX,2025-04-21,5401.39,RANGE,IDLE,0.0,-68.91473801876543,0.0,-68.63473801876543,0.0,-68.63473801876543,-68.91473801876543,0.0,False,0
2025-04-23T16:00:00+00:00,SPX,2025-04-21,5388.42,RANGE,IDLE,0.0,-68.91473801876543,0.0,-68.63473801876543,0.0,-68.63473801876543,-68.91473801876543,0.0,False,0
2025-04-23T16:30:00+00:00,SPX,2025-04-21,5382.57,RANGE,IDLE,0.0,-68.91473801876543,0.0,-68.63473801876543,0.0,-68.63473801876543,-68.91473801876543,0.0,False,0
2025-04-23T17:00:00+00:00,SPX,2025-04-21,5400.69,RANGE,IDLE,0.0,-68.91473801876543,0.0,-68.63473801876543,0.0,-68.63473801876543,-68.91473801876543,0.0,False,0
2025-04-23T17:30:00+00:00,SPX,2025-04-21,5392.4,RANGE,IDLE,0.0,-68.91473801876543,0.0,-68.63473801876543,0.0,-68.63473801876543,-68.91473801876543,0.0,False,0
2025-04-23T18:00:00+00:00,SPX,2025-04-21,5395.83,RANGE,IDLE,0.0,-68.91473801876543,0.0,-68.63473801876543,0.0,-68.63473801876543,-68.91473801876543,0.0,False,0
2025-04-23T18:30:00+00:00,SPX,2025-04-21,5387.02,RANGE,IDLE,0.0,-68.91473801876543,0.0,-68.63473801876543,0.0,-68.63473801876543,-68.91473801876543,0.0,False,0
2025-04-23T19:00:00+00:00,SPX,2025-04-21,5369.46,RANGE,IDLE,0.0,-68.91473801876543,0.0,-68.63473801876543,0.0,-68.63473801876543,-68.91473801876543,0.0,False,0
2025-04-23T19:30:00+00:00,SPX,2025-04-21,5366.11,RANGE,IDLE,0.0,-68.91473801876543,0.0,-68.63473801876543,0.0,-68.63473801876543,-68.91473801876543,0.0,False,0
2025-04-23T20:00:00+00:00,SPX,2025-04-21,5372.42,RANGE,IDLE,0.0,-68.91473801876543,0.0,-68.63473801876543,0.0,-68.63473801876543,-68.91473801876543,0.0,False,0
2025-04-24T13:30:00+00:00,SPX,2025-04-21,5379.79,RANGE,IDLE,0.0,-68.91473801876543,0.0,-68.63473801876543,0.0,-68.63473801876543,-68.91473801876543,0.0,False,0
2025-04-24T14:00:00+00:00,SPX,2025-04-21,5414.82,RANGE,IDLE,0.0,-68.91473801876543,0.0,-68.63473801876543,0.0,-68.63473801876543,-68.91473801876543,0.0,False,0
2025-04-24T14:30:00+00:00,SPX,2025-04-21,5445.05,TREND_UP,IDLE,0.0,-68.91473801876543,0.0,-68.63473801876543,0.0,-68.63473801876543,-68.91473801876543,0.0,False,0
2025-04-24T15:00:00+00:00,SPX,2025-04-21,5445.15,TREND_UP,IDLE,0.0,-68.91473801876543,0.0,-68.63473801876543,0.0,-68.63473801876543,-68.91473801876543,0.0,False,0
2025-04-24T15:30:00+00:00,SPX,2025-04-21,5446.44,TREND_UP,IDLE,0.0,-68.91473801876543,0.0,-68.63473801876543,0.0,-68.63473801876543,-68.91473801876543,0.0,False,0
2025-04-24T16:00:00+00:00,SPX,2025-04-21,5447.28,TREND_UP,IDLE,0.0,-68.91473801876543,0.0,-68.63473801876543,0.0,-68.63473801876543,-68.91473801876543,0.0,False,0
2025-04-24T16:30:00+00:00,SPX,2025-04-21,5468.15,TREND_UP,IDLE,0.0,-68.91473801876543,0.0,-68.63473801876543,0.0,-68.63473801876543,-68.91473801876543,0.0,False,0
2025-04-24T17:00:00+00:00,SPX,2025-04-21,5468.99,TREND_UP,IDLE,0.0,-68.91473801876543,0.0,-68.63473801876543,0.0,-68.63473801876543,-68.91473801876543,0.0,False,0
2025-04-24T17:30:00+00:00,SPX,2025-04-21,5465.26,TREND_UP,IDLE,0.0,-68.91473801876543,0.0,-68.63473801876543,0.0,-68.63473801876543,-68.91473801876543,0.0,False,0
2025-04-24T18:00:00+00:00,SPX,2025-04-21,5473.43,TREND_UP,IDLE,0.0,-68.91473801876543,0.0,-68.63473801876543,0.0,-68.63473801876543,-68.91473801876543,0.0,False,0
2025-04-24T18:30:00+00:00,SPX,2025-04-21,5478.28,TREND_UP,IDLE,0.0,-68.91473801876543,0.0,-68.63473801876543,0.0,-68.63473801876543,-68.91473801876543,0.0,False,0
2025-04-24T19:00:00+00:00,SPX,2025-04-21,5469.39,TREND_UP,IDLE,0.0,-68.91473801876543,0.0,-68.63473801876543,0.0,-68.63473801876543,-68.91473801876543,0.0,False,0
2025-04-24T19:30:00+00:00,SPX,2025-04-21,5469.67,TREND_UP,IDLE,0.0,-68.91473801876543,0.0,-68.63473801876543,0.0,-68.63473801876543,-68.91473801876543,0.0,False,0
2025-04-24T20:00:00+00:00,SPX,2025-04-21,5483.59,TREND_UP,IDLE,0.0,-68.91473801876543,0.0,-68.63473801876543,0.0,-68.63473801876543,-68.91473801876543,0.0,False,0
2025-04-25T13:30:00+00:00,SPX,2025-04-21,5487.62,TREND_UP,IDLE,0.0,-68.91473801876543,0.0,-68.63473801876543,0.0,-68.63473801876543,-68.91473801876543,0.0,False,0
2025-04-25T14:00:00+00:00,SPX,2025-04-21,5475.12,TREND_UP,IDLE,0.0,-68.91473801876543,0.0,-68.63473801876543,0.0,-68.63473801876543,-68.91473801876543,0.0,False,0
2025-04-25T14:30:00+00:00,SPX,2025-04-21,5468.91,TREND_UP,IDLE,0.0,-68.91473801876543,0.0,-68.63473801876543,0.0,-68.63473801876543,-68.91473801876543,0.0,False,0
2025-04-25T15:00:00+00:00,SPX,2025-04-21,5485.11,TREND_UP,IDLE,0.0,-68.91473801876543,0.0,-68.63473801876543,0.0,-68.63473801876543,-68.91473801876543,0.0,False,0
2025-04-25T15:30:00+00:00,SPX,2025-04-21,5484.54,TREND_UP,IDLE,0.0,-68.91473801876543,0.0,-68.63473801876543,0.0,-68.63473801876543,-68.91473801876543,0.0,False,0
2025-04-25T16:00:00+00:00,SPX,2025-04-21,5490.05,TREND_UP,IDLE,0.0,-68.91473801876543,0.0,-68.63473801876543,0.0,-68.63473801876543,-68.91473801876543,0.0,False,0
2025-04-25T16:30:00+00:00,SPX,2025-04-21,5503.22,TREND_UP,IDLE,0.0,-68.91473801876543,0.0,-68.63473801876543,0.0,-68.63473801876543,-68.91473801876543,0.0,False,0
2025-04-25T17:00:00+00:00,SPX,2025-04-21,5509.5,TREND_UP,IDLE,0.0,-68.91473801876543,0.0,-68.63473801876543,0.0,-68.63473801876543,-68.91473801876543,0.0,False,0
2025-04-25T17:30:00+00:00,SPX,2025-04-21,5523.99,TREND_UP,IDLE,0.0,-68.91473801876543,0.0,-68.63473801876543,0.0,-68.63473801876543,-68.91473801876543,0.0,False,0
2025-04-25T18:00:00+00:00,SPX,2025-04-21,5502.68,TREND_UP,IDLE,0.0,-68.91473801876543,0.0,-68.63473801876543,0.0,-68.63473801876543,-68.91473801876543,0.0,False,0
2025-04-25T18:30:00+00:00,SPX,2025-04-21,5516.4,TREND_UP,IDLE,0.0,-68.91473801876543,0.0,-68.63473801876543,0.0,-68.63473801876543,-68.91473801876543,0.0,False,0
2025-04-25T19:00:00+00:00,SPX,2025-04-21,5522.08,TREND_UP,IDLE,0.0,-68.91473801876543,0.0,-68.63473801876543,0.0,-68.63473801876543,-68.91473801876543,0.0,False,0
2025-04-25T19:30:00+00:00,SPX,2025-04-21,5513.35,TREND_UP,IDLE,0.0,-68.91473801876543,0.0,-68.63473801876543,0.0,-68.63473801876543,-68.91473801876543,0.0,False,0
2025-04-25T20:00:00+00:00,SPX,2025-04-21,5523.52,TREND_UP,IDLE,0.0,-68.91473801876543,0.0,-68.63473801876543,0.0,-68.63473801876543,-68.91473801876543,0.0,False,0
2025-04-28T13:30:00+00:00,SPX,2025-04-28,5531.17,TREND_UP,IDLE,0.0,-68.91473801876543,0.0,-68.63473801876543,0.0,-68.63473801876543,-68.91473801876543,0.0,False,0
2025-04-28T14:00:00+00:00,SPX,2025-04-28,5527.77,TREND_UP,IDLE,0.0,-68.91473801876543,0.0,-68.63473801876543,0.0,-68.63473801876543,-68.91473801876543,0.0,False,0
2025-04-28T14:30:00+00:00,SPX,2025-04-28,5524.17,TREND_UP,IDLE,0.0,-68.91473801876543,0.0,-68.63473801876543,0.0,-68.63473801876543,-68.91473801876543,0.0,False,0
2025-04-28T15:00:00+00:00,SPX,2025-04-28,5524.14,TREND_UP,IDLE,0.0,-68.91473801876543,0.0,-68.63473801876543,0.0,-68.63473801876543,-68.91473801876543,0.0,False,0
2025-04-28T15:30:00+00:00,SPX,2025-04-28,5492.03,TREND_UP,IDLE,0.0,-68.91473801876543,0.0,-68.63473801876543,0.0,-68.63473801876543,-68.91473801876543,0.0,False,0
2025-04-28T16:00:00+00:00,SPX,2025-04-28,5483.96,TREND_UP,IDLE,0.0,-68.91473801876543,0.0,-68.63473801876543,0.0,-68.63473801876543,-68.91473801876543,0.0,False,0
2025-04-28T16:30:00+00:00,SPX,2025-04-28,5480.14,TREND_UP,IDLE,0.0,-68.91473801876543,0.0,-68.63473801876543,0.0,-68.63473801876543,-68.91473801876543,0.0,False,0
2025-04-28T17:00:00+00:00,SPX,2025-04-28,5482.24,TREND_UP,IDLE,0.0,-68.91473801876543,0.0,-68.63473801876543,0.0,-68.63473801876543,-68.91473801876543,0.0,False,0
2025-04-28T17:30:00+00:00,SPX,2025-04-28,5473.41,TREND_UP,IDLE,0.0,-68.91473801876543,0.0,-68.63473801876543,0.0,-68.63473801876543,-68.91473801876543,0.0,False,0
2025-04-28T18:00:00+00:00,SPX,2025-04-28,5495.34,TREND_UP,IDLE,0.0,-68.91473801876543,0.0,-68.63473801876543,0.0,-68.63473801876543,-68.91473801876543,0.0,False,0
2025-04-28T18:30:00+00:00,SPX,2025-04-28,5499.24,TREND_UP,IDLE,0.0,-68.91473801876543,0.0,-68.63473801876543,0.0,-68.63473801876543,-68.91473801876543,0.0,False,0
2025-04-28T19:00:00+00:00,SPX,2025-04-28,5511.42,TREND_UP,IDLE,0.0,-68.91473801876543,0.0,-68.63473801876543,0.0,-68.63473801876543,-68.91473801876543,0.0,False,0
2025-04-28T19:30:00+00:00,SPX,2025-04-28,5524.73,TREND_UP,IDLE,0.0,-68.91473801876543,0.0,-68.63473801876543,0.0,-68.63473801876543,-68.91473801876543,0.0,False,0
2025-04-28T20:00:00+00:00,SPX,2025-04-28,5528.64,TREND_UP,IDLE,0.0,-68.91473801876543,0.0,-68.63473801876543,0.0,-68.63473801876543,-68.91473801876543,0.0,False,0
2025-04-29T13:30:00+00:00,SPX,2025-04-28,5515.27,TREND_UP,IDLE,0.0,-68.91473801876543,0.0,-68.63473801876543,0.0,-68.63473801876543,-68.91473801876543,0.0,False,0
2025-04-29T14:00:00+00:00,SPX,2025-04-28,5531.56,TREND_UP,IDLE,0.0,-68.91473801876543,0.0,-68.63473801876543,0.0,-68.63473801876543,-68.91473801876543,0.0,False,0
2025-04-29T14:30:00+00:00,SPX,2025-04-28,5525.54,TREND_UP,IDLE,0.0,-68.91473801876543,0.0,-68.63473801876543,0.0,-68.63473801876543,-68.91473801876543,0.0,False,0
2025-04-29T15:00:00+00:00,SPX,2025-04-28,5541.64,TREND_UP,IDLE,0.0,-68.91473801876543,0.0,-68.63473801876543,0.0,-68.63473801876543,-68.91473801876543,0.0,False,0
2025-04-29T15:30:00+00:00,SPX,2025-04-28,5530.89,TREND_UP,IDLE,0.0,-68.91473801876543,0.0,-68.63473801876543,0.0,-68.63473801876543,-68.91473801876543,0.0,False,0
2025-04-29T16:00:00+00:00,SPX,2025-04-28,5544.76,TREND_UP,IDLE,0.0,-68.91473801876543,0.0,-68.63473801876543,0.0,-68.63473801876543,-68.91473801876543,0.0,False,0
2025-04-29T16:30:00+00:00,SPX,2025-04-28,5548.4,TREND_UP,IDLE,0.0,-68.91473801876543,0.0,-68.63473801876543,0.0,-68.63473801876543,-68.91473801876543,0.0,False,0
2025-04-29T17:00:00+00:00,SPX,2025-04-28,5531.99,TREND_UP,IDLE,0.0,-68.91473801876543,0.0,-68.63473801876543,0.0,-68.63473801876543,-68.91473801876543,0.0,False,0
2025-04-29T17:30:00+00:00,SPX,2025-04-28,5545.31,TREND_UP,IDLE,0.0,-68.91473801876543,0.0,-68.63473801876543,0.0,-68.63473801876543,-68.91473801876543,0.0,False,0
2025-04-29T18:00:00+00:00,SPX,2025-04-28,5570.22,TREND_UP,IDLE,0.0,-68.91473801876543,0.0,-68.63473801876543,0.0,-68.63473801876543,-68.91473801876543,0.0,False,0
2025-04-29T18:30:00+00:00,SPX,2025-04-28,5565.95,RANGE,ACTIVE,-82.668,-68.91473801876543,-82.668,-68.63473801876543,-82.5,-151.13473801876543,-151.58273801876544,82.668,False,3
2025-04-29T19:00:00+00:00,SPX,2025-04-28,5561.66,TREND_UP,ABORTED,0.0,-151.58273801876544,0.0,-151.13473801876543,0.0,-151.13473801876543,-151.58273801876544,0.0,False,0
2025-04-29T19:30:00+00:00,SPX,2025-04-28,5564.25,TREND_UP,ABORTED,0.0,-151.58273801876544,0.0,-151.13473801876543,0.0,-151.13473801876543,-151.58273801876544,0.0,False,0
2025-04-29T20:00:00+00:00,SPX,2025-04-28,5560.3,TREND_UP,ABORTED,0.0,-151.58273801876544,0.0,-151.13473801876543,0.0,-151.13473801876543,-151.58273801876544,0.0,False,0
2025-04-30T13:30:00+00:00,SPX,2025-04-28,5481.54,RANGE,ABORTED,0.0,-151.58273801876544,0.0,-151.13473801876543,0.0,-151.13473801876543,-151.58273801876544,0.0,False,0
2025-04-30T14:00:00+00:00,SPX,2025-04-28,5447.82,TREND_DOWN,ABORTED,0.0,-151.58273801876544,0.0,-151.13473801876543,0.0,-151.13473801876543,-151.58273801876544,0.0,False,0
2025-04-30T14:30:00+00:00,SPX,2025-04-28,5483.32,RANGE,ABORTED,0.0,-151.58273801876544,0.0,-151.13473801876543,0.0,-151.13473801876543,-151.58273801876544,0.0,False,0
2025-04-30T15:00:00+00:00,SPX,2025-04-28,5495.93,RANGE,ABORTED,0.0,-151.58273801876544,0.0,-151.13473801876543,0.0,-151.13473801876543,-151.58273801876544,0.0,False,0
2025-04-30T15:30:00+00:00,SPX,2025-04-28,5510.63,TREND_UP,ABORTED,0.0,-151.58273801876544,0.0,-151.13473801876543,0.0,-151.13473801876543,-151.58273801876544,0.0,False,0
2025-04-30T16:00:00+00:00,SPX,2025-04-28,5512.77,TREND_UP,ABORTED,0.0,-151.58273801876544,0.0,-151.13473801876543,0.0,-151.13473801876543,-151.58273801876544,0.0,False,0
2025-04-30T16:30:00+00:00,SPX,2025-04-28,5494.09,TREND_UP,ABORTED,0.0,-151.58273801876544,0.0,-151.13473801876543,0.0,-151.13473801876543,-151.58273801876544,0.0,False,0
2025-04-30T17:00:00+00:00,SPX,2025-04-28,5510.89,TREND_UP,ABORTED,0.0,-151.58273801876544,0.0,-151.13473801876543,0.0,-151.13473801876543,-151.58273801876544,0.0,False,0
2025-04-30T17:30:00+00:00,SPX,2025-04-28,5523.58,TREND_UP,ABORTED,0.0,-151.58273801876544,0.0,-151.13473801876543,0.0,-151.13473801876543,-151.58273801876544,0.0,False,0
2025-04-30T18:00:00+00:00,SPX,2025-04-28,5520.55,RANGE,ABORTED,0.0,-151.58273801876544,0.0,-151.13473801876543,0.0,-151.13473801876543,-151.58273801876544,0.0,False,0
2025-04-30T18:30:00+00:00,SPX,2025-04-28,5522.26,RANGE,ABORTED,0.0,-151.58273801876544,0.0,-151.13473801876543,0.0,-151.13473801876543,-151.58273801876544,0.0,False,0
2025-04-30T19:00:00+00:00,SPX,2025-04-28,5519.98,RANGE,ABORTED,0.0,-151.58273801876544,0.0,-151.13473801876543,0.0,-151.13473801876543,-151.58273801876544,0.0,False,0
2025-04-30T19:30:00+00:00,SPX,2025-04-28,5514.56,RANGE,ABORTED,0.0,-151.58273801876544,0.0,-151.13473801876543,0.0,-151.13473801876543,-151.58273801876544,0.0,False,0
2025-04-30T20:00:00+00:00,SPX,2025-04-28,5560.16,TREND_UP,ABORTED,0.0,-151.58273801876544,0.0,-151.13473801876543,0.0,-151.13473801876543,-151.58273801876544,0.0,False,0
2025-05-01T13:30:00+00:00,SPX,2025-04-28,5611.41,TREND_UP,ABORTED,0.0,-151.58273801876544,0.0,-151.13473801876543,0.0,-151.13473801876543,-151.58273801876544,0.0,False,0
2025-05-01T14:00:00+00:00,SPX,2025-04-28,5620.33,TREND_UP,ABORTED,0.0,-151.58273801876544,0.0,-151.13473801876543,0.0,-151.13473801876543,-151.58273801876544,0.0,False,0
2025-05-01T14:30:00+00:00,SPX,2025-04-28,5634.7,TREND_UP,ABORTED,0.0,-151.58273801876544,0.0,-151.13473801876543,0.0,-151.13473801876543,-151.58273801876544,0.0,False,0
2025-05-01T15:00:00+00:00,SPX,2025-04-28,5649.11,TREND_UP,ABORTED,0.0,-151.58273801876544,0.0,-151.13473801876543,0.0,-151.13473801876543,-151.58273801876544,0.0,False,0
2025-05-01T15:30:00+00:00,SPX,2025-04-28,5644.46,TREND_UP,ABORTED,0.0,-151.58273801876544,0.0,-151.13473801876543,0.0,-151.13473801876543,-151.58273801876544,0.0,False,0
2025-05-01T16:00:00+00:00,SPX,2025-04-28,5621.33,TREND_UP,ABORTED,0.0,-151.58273801876544,0.0,-151.13473801876543,0.0,-151.13473801876543,-151.58273801876544,0.0,False,0
2025-05-01T16:30:00+00:00,SPX,2025-04-28,5623.75,TREND_UP,ABORTED,0.0,-151.58273801876544,0.0,-151.13473801876543,0.0,-151.13473801876543,-151.58273801876544,0.0,False,0
2025-05-01T17:00:00+00:00,SPX,2025-04-28,5627.12,TREND_UP,ABORTED,0.0,-151.58273801876544,0.0,-151.13473801876543,0.0,-151.13473801876543,-151.58273801876544,0.0,False,0
2025-05-01T17:30:00+00:00,SPX,2025-04-28,5633.82,TREND_UP,ABORTED,0.0,-151.58273801876544,0.0,-151.13473801876543,0.0,-151.13473801876543,-151.58273801876544,0.0,False,0
2025-05-01T18:00:00+00:00,SPX,2025-04-28,5628.25,TREND_UP,ABORTED,0.0,-151.58273801876544,0.0,-151.13473801876543,0.0,-151.13473801876543,-151.58273801876544,0.0,False,0
2025-05-01T18:30:00+00:00,SPX,2025-04-28,5638.35,TREND_UP,ABORTED,0.0,-151.58273801876544,0.0,-151.13473801876543,0.0,-151.13473801876543,-151.58273801876544,0.0,False,0
2025-05-01T19:00:00+00:00,SPX,2025-04-28,5636.67,TREND_UP,ABORTED,0.0,-151.58273801876544,0.0,-151.13473801876543,0.0,-151.13473801876543,-151.58273801876544,0.0,False,0
2025-05-01T19:30:00+00:00,SPX,2025-04-28,5636.23,TREND_UP,ABORTED,0.0,-151.58273801876544,0.0,-151.13473801876543,0.0,-151.13473801876543,-151.58273801876544,0.0,False,0
2025-05-01T20:00:00+00:00,SPX,2025-04-28,5602.31,TREND_UP,ABORTED,0.0,-151.58273801876544,0.0,-151.13473801876543,0.0,-151.13473801876543,-151.58273801876544,0.0,False,0
2025-05-02T13:30:00+00:00,SPX,2025-04-28,5665.7,TREND_UP,ABORTED,0.0,-151.58273801876544,0.0,-151.13473801876543,0.0,-151.13473801876543,-151.58273801876544,0.0,False,0
2025-05-02T14:00:00+00:00,SPX,2025-04-28,5658.7,TREND_UP,ABORTED,0.0,-151.58273801876544,0.0,-151.13473801876543,0.0,-151.13473801876543,-151.58273801876544,0.0,False,0
2025-05-02T14:30:00+00:00,SPX,2025-04-28,5675.3,TREND_UP,ABORTED,0.0,-151.58273801876544,0.0,-151.13473801876543,0.0,-151.13473801876543,-151.58273801876544,0.0,False,0
2025-05-02T15:00:00+00:00,SPX,2025-04-28,5673.18,TREND_UP,ABORTED,0.0,-151.58273801876544,0.0,-151.13473801876543,0.0,-151.13473801876543,-151.58273801876544,0.0,False,0
2025-05-02T15:30:00+00:00,SPX,2025-04-28,5671.14,TREND_UP,ABORTED,0.0,-151.58273801876544,0.0,-151.13473801876543,0.0,-151.13473801876543,-151.58273801876544,0.0,False,0
2025-05-02T16:00:00+00:00,SPX,2025-04-28,5693.8,TREND_UP,ABORTED,0.0,-151.58273801876544,0.0,-151.13473801876543,0.0,-151.13473801876543,-151.58273801876544,0.0,False,0
2025-05-02T16:30:00+00:00,SPX,2025-04-28,5692.33,TREND_UP,ABORTED,0.0,-151.58273801876544,0.0,-151.13473801876543,0.0,-151.13473801876543,-151.58273801876544,0.0,False,0
2025-05-02T17:00:00+00:00,SPX,2025-04-28,5692.33,TREND_UP,ABORTED,0.0,-151.58273801876544,0.0,-151.13473801876543,0.0,-151.13473801876543,-151.58273801876544,0.0,False,0
2025-05-02T17:30:00+00:00,SPX,2025-04-28,5683.62,TREND_UP,ABORTED,0.0,-151.58273801876544,0.0,-151.13473801876543,0.0,-151.13473801876543,-151.58273801876544,0.0,False,0
2025-05-02T18:00:00+00:00,SPX,2025-04-28,5693.42,TREND_UP,ABORTED,0.0,-151.58273801876544,0.0,-151.13473801876543,0.0,-151.13473801876543,-151.58273801876544,0.0,False,0
2025-05-02T18:30:00+00:00,SPX,2025-04-28,5696.61,TREND_UP,ABORTED,0.0,-151.58273801876544,0.0,-151.13473801876543,0.0,-151.13473801876543,-151.58273801876544,0.0,False,0
2025-05-02T19:00:00+00:00,SPX,2025-04-28,5682.77,TREND_UP,ABORTED,0.0,-151.58273801876544,0.0,-151.13473801876543,0.0,-151.13473801876543,-151.58273801876544,0.0,False,0
2025-05-02T19:30:00+00:00,SPX,2025-04-28,5691.85,TREND_UP,ABORTED,0.0,-151.58273801876544,0.0,-151.13473801876543,0.0,-151.13473801876543,-151.58273801876544,0.0,False,0
2025-05-02T20:00:00+00:00,SPX,2025-04-28,5685.73,TREND_UP,ABORTED,0.0,-151.58273801876544,0.0,-151.13473801876543,0.0,-151.13473801876543,-151.58273801876544,0.0,False,0
2025-05-05T13:30:00+00:00,SPX,2025-05-05,5645.66,TREND_UP,IDLE,0.0,-151.58273801876544,0.0,-151.13473801876543,0.0,-151.13473801876543,-151.58273801876544,0.0,False,0
2025-05-05T14:00:00+00:00,SPX,2025-05-05,5649.06,TREND_UP,IDLE,0.0,-151.58273801876544,0.0,-151.13473801876543,0.0,-151.13473801876543,-151.58273801876544,0.0,False,0
2025-05-05T14:30:00+00:00,SPX,2025-05-05,5647.87,TREND_UP,IDLE,0.0,-151.58273801876544,0.0,-151.13473801876543,0.0,-151.13473801876543,-151.58273801876544,0.0,False,0
2025-05-05T15:00:00+00:00,SPX,2025-05-05,5668.69,TREND_UP,IDLE,0.0,-151.58273801876544,0.0,-151.13473801876543,0.0,-151.13473801876543,-151.58273801876544,0.0,False,0
2025-05-05T15:30:00+00:00,SPX,2025-05-05,5660.97,TREND_UP,IDLE,0.0,-151.58273801876544,0.0,-151.13473801876543,0.0,-151.13473801876543,-151.58273801876544,0.0,False,0
2025-05-05T16:00:00+00:00,SPX,2025-05-05,5671.45,TREND_UP,IDLE,0.0,-151.58273801876544,0.0,-151.13473801876543,0.0,-151.13473801876543,-151.58273801876544,0.0,False,0
2025-05-05T16:30:00+00:00,SPX,2025-05-05,5671.14,TREND_UP,IDLE,0.0,-151.58273801876544,0.0,-151.13473801876543,0.0,-151.13473801876543,-151.58273801876544,0.0,False,0
2025-05-05T17:00:00+00:00,SPX,2025-05-05,5671.55,TREND_UP,IDLE,0.0,-151.58273801876544,0.0,-151.13473801876543,0.0,-151.13473801876543,-151.58273801876544,0.0,False,0
2025-05-05T17:30:00+00:00,SPX,2025-05-05,5672.9,TREND_UP,IDLE,0.0,-151.58273801876544,0.0,-151.13473801876543,0.0,-151.13473801876543,-151.58273801876544,0.0,False,0
2025-05-05T18:00:00+00:00,SPX,2025-05-05,5676.77,TREND_UP,IDLE,0.0,-151.58273801876544,0.0,-151.13473801876543,0.0,-151.13473801876543,-151.58273801876544,0.0,False,0
2025-05-05T18:30:00+00:00,SPX,2025-05-05,5681.9,TREND_UP,IDLE,0.0,-151.58273801876544,0.0,-151.13473801876543,0.0,-151.13473801876543,-151.58273801876544,0.0,False,0
2025-05-05T19:00:00+00:00,SPX,2025-05-05,5672.87,TREND_UP,IDLE,0.0,-151.58273801876544,0.0,-151.13473801876543,0.0,-151.13473801876543,-151.58273801876544,0.0,False,0
2025-05-05T19:30:00+00:00,SPX,2025-05-05,5665.85,TREND_UP,IDLE,0.0,-151.58273801876544,0.0,-151.13473801876543,0.0,-151.13473801876543,-151.58273801876544,0.0,False,0
2025-05-05T20:00:00+00:00,SPX,2025-05-05,5651.2,RANGE,IDLE,0.0,-151.58273801876544,0.0,-151.13473801876543,0.0,-151.13473801876543,-151.58273801876544,0.0,False,0
2025-05-06T13:30:00+00:00,SPX,2025-05-05,5608.04,RANGE,IDLE,0.0,-151.58273801876544,0.0,-151.13473801876543,0.0,-151.13473801876543,-151.58273801876544,0.0,False,0
2025-05-06T14:00:00+00:00,SPX,2025-05-05,5597.52,RANGE,ACTIVE,-82.668,-151.58273801876544,-82.668,-151.13473801876543,-82.5,-233.63473801876543,-234.25073801876545,82.668,False,3
2025-05-06T14:30:00+00:00,SPX,2025-05-05,5627.34,RANGE,ADJUSTED,15.575116479999991,-151.58273801876544,-67.09288352000002,-151.13473801876543,-66.86888352000001,-218.00362153876546,-218.67562153876545,110.224,True,4
2025-05-06T15:00:00+00:00,SPX,2025-05-05,5628.93,RANGE,ADJUSTED,-0.003832689259269273,-151.58273801876544,-67.09671620925928,-151.13473801876543,-66.87271620925928,-218.0074542280247,-218.67945422802472,110.224,True,4
2025-05-06T15:30:00+00:00,SPX,2025-05-05,5635.67,RANGE,ADJUSTED,-0.3706244517283608,-151.58273801876544,-67.46734066098766,-151.13473801876543,-67.24334066098766,-218.3780786797531,-219.05007867975308,110.224,True,4
2025-05-06T16:00:00+00:00,SPX,2025-05-05,5624.98,RANGE,ADJUSTED,0.8646041772839226,-151.58273801876544,-66.60273648370374,-151.13473801876543,-66.37873648370373,-217.51347450246917,-218.18547450246916,110.224,True,4
2025-05-06T16:30:00+00:00,SPX,2025-05-05,5627.43,RANGE,ADJUSTED,-0.06397530740741786,-151.58273801876544,-66.66671179111114,-151.13473801876543,-66.44271179111112,-217.57744980987655,-218.24944980987658,110.224,True,4
2025-05-06T17:00:00+00:00,SPX,2025-05-05,5614.3,RANGE,ADJUSTED,-0.4904579261727804,-151.58273801876544,-67.15716971728394,-151.13473801876543,-66.93316971728393,-218.06790773604936,-218.73990773604936,110.224,True,4
2025-05-06T17:30:00+00:00,SPX,2025-05-05,5616.77,TREND_UP,ABORTED,0.22807562469131426,-218.51183211135805,0.0,-217.78383211135798,0.0,-217.78383211135798,-218.51183211135805,0.0,False,0
2025-05-06T18:00:00+00:00,SPX,2025-05-05,5609.97,TREND_UP,ABORTED,0.0,-218.51183211135805,0.0,-217.78383211135798,0.0,-217.78383211135798,-218.51183211135805,0.0,False,0
2025-05-06T18:30:00+00:00,SPX,2025-05-05,5621.74,TREND_UP,ABORTED,0.0,-218.51183211135805,0.0,-217.78383211135798,0.0,-217.78383211135798,-218.51183211135805,0.0,False,0
2025-05-06T19:00:00+00:00,SPX,2025-05-05,5624.8,TREND_UP,ABORTED,0.0,-218.51183211135805,0.0,-217.78383211135798,0.0,-217.78383211135798,-218.51183211135805,0.0,False,0
2025-05-06T19:30:00+00:00,SPX,2025-05-05,5627.85,TREND_UP,ABORTED,0.0,-218.51183211135805,0.0,-217.78383211135798,0.0,-217.78383211135798,-218.51183211135805,0.0,False,0
2025-05-06T20:00:00+00:00,SPX,2025-05-05,5605.52,RANGE,ABORTED,0.0,-218.51183211135805,0.0,-217.78383211135798,0.0,-217.78383211135798,-218.51183211135805,0.0,False,0
2025-05-07T13:30:00+00:00,SPX,2025-05-05,5620.0,TREND_UP,ABORTED,0.0,-218.51183211135805,0.0,-217.78383211135798,0.0,-217.78383211135798,-218.51183211135805,0.0,False,0
2025-05-07T14:00:00+00:00,SPX,2025-05-05,5630.76,TREND_UP,ABORTED,0.0,-218.51183211135805,0.0,-217.78383211135798,0.0,-217.78383211135798,-218.51183211135805,0.0,False,0
2025-05-07T14:30:00+00:00,SPX,2025-05-05,5632.97,RANGE,ABORTED,0.0,-218.51183211135805,0.0,-217.78383211135798,0.0,-217.78383211135798,-218.51183211135805,0.0,False,0
2025-05-07T15:00:00+00:00,SPX,2025-05-05,5607.93,RANGE,ABORTED,0.0,-218.51183211135805,0.0,-217.78383211135798,0.0,-217.78383211135798,-218.51183211135805,0.0,False,0
2025-05-07T15:30:00+00:00,SPX,2025-05-05,5606.43,RANGE,ABORTED,0.0,-218.51183211135805,0.0,-217.78383211135798,0.0,-217.78383211135798,-218.51183211135805,0.0,False,0
2025-05-07T16:00:00+00:00,SPX,2025-05-05,5616.37,RANGE,ABORTED,0.0,-218.51183211135805,0.0,-217.78383211135798,0.0,-217.78383211135798,-218.51183211135805,0.0,False,0
2025-05-07T16:30:00+00:00,SPX,2025-05-05,5612.6,RANGE,ABORTED,0.0,-218.51183211135805,0.0,-217.78383211135798,0.0,-217.78383211135798,-218.51183211135805,0.0,False,0
2025-05-07T17:00:00+00:00,SPX,2025-05-05,5631.13,RANGE,ABORTED,0.0,-218.51183211135805,0.0,-217.78383211135798,0.0,-217.78383211135798,-218.51183211135805,0.0,False,0
2025-05-07T17:30:00+00:00,SPX,2025-05-05,5626.27,RANGE,ABORTED,0.0,-218.51183211135805,0.0,-217.78383211135798,0.0,-217.78383211135798,-218.51183211135805,0.0,False,0
2025-05-07T18:00:00+00:00,SPX,2025-05-05,5613.24,RANGE,ABORTED,0.0,-218.51183211135805,0.0,-217.78383211135798,0.0,-217.78383211135798,-218.51183211135805,0.0,False,0
2025-05-07T18:30:00+00:00,SPX,2025-05-05,5609.98,RANGE,ABORTED,0.0,-218.51183211135805,0.0,-217.78383211135798,0.0,-217.78383211135798,-218.51183211135805,0.0,False,0
2025-05-07T19:00:00+00:00,SPX,2025-05-05,5620.87,RANGE,ABORTED,0.0,-218.51183211135805,0.0,-217.78383211135798,0.0,-217.78383211135798,-218.51183211135805,0.0,False,0
2025-05-07T19:30:00+00:00,SPX,2025-05-05,5593.74,RANGE,ABORTED,0.0,-218.51183211135805,0.0,-217.78383211135798,0.0,-217.78383211135798,-218.51183211135805,0.0,False,0
2025-05-07T20:00:00+00:00,SPX,2025-05-05,5629.75,RANGE,ABORTED,0.0,-218.51183211135805,0.0,-217.78383211135798,0.0,-217.78383211135798,-218.51183211135805,0.0,False,0
2025-05-08T13:30:00+00:00,SPX,2025-05-05,5664.86,RANGE,ABORTED,0.0,-218.51183211135805,0.0,-217.78383211135798,0.0,-217.78383211135798,-218.51183211135805,0.0,False,0
2025-05-08T14:00:00+00:00,SPX,2025-05-05,5661.3,RANGE,ABORTED,0.0,-218.51183211135805,0.0,-217.78383211135798,0.0,-217.78383211135798,-218.51183211135805,0.0,False,0
2025-05-08T14:30:00+00:00,SPX,2025-05-05,5665.24,RANGE,ABORTED,0.0,-218.51183211135805,0.0,-217.78383211135798,0.0,-217.78383211135798,-218.51183211135805,0.0,False,0
2025-05-08T15:00:00+00:00,SPX,2025-05-05,5639.98,RANGE,ABORTED,0.0,-218.51183211135805,0.0,-217.78383211135798,0.0,-217.78383211135798,-218.51183211135805,0.0,False,0
2025-05-08T15:30:00+00:00,SPX,2025-05-05,5682.83,RANGE,ABORTED,0.0,-218.51183211135805,0.0,-217.78383211135798,0.0,-217.78383211135798,-218.51183211135805,0.0,False,0
2025-05-08T16:00:00+00:00,SPX,2025-05-05,5706.18,RANGE,ABORTED,0.0,-218.51183211135805,0.0,-217.78383211135798,0.0,-217.78383211135798,-218.51183211135805,0.0,False,0
2025-05-08T16:30:00+00:00,SPX,2025-05-05,5707.31,RANGE,ABORTED,0.0,-218.51183211135805,0.0,-217.78383211135798,0.0,-217.78383211135798,-218.51183211135805,0.0,False,0
2025-05-08T17:00:00+00:00,SPX,2025-05-05,5713.48,RANGE,ABORTED,0.0,-218.51183211135805,0.0,-217.78383211135798,0.0,-217.78383211135798,-218.51183211135805,0.0,False,0
2025-05-08T17:30:00+00:00,SPX,2025-05-05,5703.5,RANGE,ABORTED,0.0,-218.51183211135805,0.0,-217.78383211135798,0.0,-217.78383211135798,-218.51183211135805,0.0,False,0
2025-05-08T18:00:00+00:00,SPX,2025-05-05,5693.46,RANGE,ABORTED,0.0,-218.51183211135805,0.0,-217.78383211135798,0.0,-217.78383211135798,-218.51183211135805,0.0,False,0
2025-05-08T18:30:00+00:00,SPX,2025-05-05,5706.21,RANGE,ABORTED,0.0,-218.51183211135805,0.0,-217.78383211135798,0.0,-217.78383211135798,-218.51183211135805,0.0,False,0
2025-05-08T19:00:00+00:00,SPX,2025-05-05,5700.26,RANGE,ABORTED,0.0,-218.51183211135805,0.0,-217.78383211135798,0.0,-217.78383211135798,-218.51183211135805,0.0,False,0
2025-05-08T19:30:00+00:00,SPX,2025-05-05,5703.61,RANGE,ABORTED,0.0,-218.51183211135805,0.0,-217.78383211135798,0.0,-217.78383211135798,-218.51183211135805,0.0,False,0
2025-05-08T20:00:00+00:00,SPX,2025-05-05,5663.86,RANGE,ABORTED,0.0,-218.51183211135805,0.0,-217.78383211135798,0.0,-217.78383211135798,-218.51183211135805,0.0,False,0
2025-05-09T13:30:00+00:00,SPX,2025-05-05,5689.06,RANGE,ABORTED,0.0,-218.51183211135805,0.0,-217.78383211135798,0.0,-217.78383211135798,-218.51183211135805,0.0,False,0
2025-05-09T14:00:00+00:00,SPX,2025-05-05,5687.29,RANGE,ABORTED,0.0,-218.51183211135805,0.0,-217.78383211135798,0.0,-217.78383211135798,-218.51183211135805,0.0,False,0
2025-05-09T14:30:00+00:00,SPX,2025-05-05,5657.22,RANGE,ABORTED,0.0,-218.51183211135805,0.0,-217.78383211135798,0.0,-217.78383211135798,-218.51183211135805,0.0,False,0
2025-05-09T15:00:00+00:00,SPX,2025-05-05,5666.96,RANGE,ABORTED,0.0,-218.51183211135805,0.0,-217.78383211135798,0.0,-217.78383211135798,-218.51183211135805,0.0,False,0
2025-05-09T15:30:00+00:00,SPX,2025-05-05,5662.84,RANGE,ABORTED,0.0,-218.51183211135805,0.0,-217.78383211135798,0.0,-217.78383211135798,-218.51183211135805,0.0,False,0
2025-05-09T16:00:00+00:00,SPX,2025-05-05,5658.56,RANGE,ABORTED,0.0,-218.51183211135805,0.0,-217.78383211135798,0.0,-217.78383211135798,-218.51183211135805,0.0,False,0
2025-05-09T16:30:00+00:00,SPX,2025-05-05,5654.05,RANGE,ABORTED,0.0,-218.51183211135805,0.0,-217.78383211135798,0.0,-217.78383211135798,-218.51183211135805,0.0,False,0
2025-05-09T17:00:00+00:00,SPX,2025-05-05,5650.43,RANGE,ABORTED,0.0,-218.51183211135805,0.0,-217.78383211135798,0.0,-217.78383211135798,-218.51183211135805,0.0,False,0
2025-05-09T17:30:00+00:00,SPX,2025-05-05,5654.4,RANGE,ABORTED,0.0,-218.51183211135805,0.0,-217.78383211135798,0.0,-217.78383211135798,-218.51183211135805,0.0,False,0
2025-05-09T18:00:00+00:00,SPX,2025-05-05,5664.32,RANGE,ABORTED,0.0,-218.51183211135805,0.0,-217.78383211135798,0.0,-217.78383211135798,-218.51183211135805,0.0,False,0
2025-05-09T18:30:00+00:00,SPX,2025-05-05,5662.98,RANGE,ABORTED,0.0,-218.51183211135805,0.0,-217.78383211135798,0.0,-217.78383211135798,-218.51183211135805,0.0,False,0
2025-05-09T19:00:00+00:00,SPX,2025-05-05,5667.94,RANGE,ABORTED,0.0,-218.51183211135805,0.0,-217.78383211135798,0.0,-217.78383211135798,-218.51183211135805,0.0,False,0
2025-05-09T19:30:00+00:00,SPX,2025-05-05,5665.75,RANGE,ABORTED,0.0,-218.51183211135805,0.0,-217.78383211135798,0.0,-217.78383211135798,-218.51183211135805,0.0,False,0
2025-05-09T20:00:00+00:00,SPX,2025-05-05,5659.15,RANGE,ABORTED,0.0,-218.51183211135805,0.0,-217.78383211135798,0.0,-217.78383211135798,-218.51183211135805,0.0,False,0
2025-05-12T13:30:00+00:00,SPX,2025-05-12,5808.16,TREND_UP,IDLE,0.0,-218.51183211135805,0.0,-217.78383211135798,0.0,-217.78383211135798,-218.51183211135805,0.0,False,0
2025-05-12T14:00:00+00:00,SPX,2025-05-12,5808.84,TREND_UP,IDLE,0.0,-218.51183211135805,0.0,-217.78383211135798,0.0,-217.78383211135798,-218.51183211135805,0.0,False,0
2025-05-12T14:30:00+00:00,SPX,2025-05-12,5793.41,TREND_UP,IDLE,0.0,-218.51183211135805,0.0,-217.78383211135798,0.0,-217.78383211135798,-218.51183211135805,0.0,False,0
2025-05-12T15:00:00+00:00,SPX,2025-05-12,5811.71,TREND_UP,IDLE,0.0,-218.51183211135805,0.0,-217.78383211135798,0.0,-217.78383211135798,-218.51183211135805,0.0,False,0
2025-05-12T15:30:00+00:00,SPX,2025-05-12,5807.07,TREND_UP,IDLE,0.0,-218.51183211135805,0.0,-217.78383211135798,0.0,-217.78383211135798,-218.51183211135805,0.0,False,0
2025-05-12T16:00:00+00:00,SPX,2025-05-12,5801.08,TREND_UP,IDLE,0.0,-218.51183211135805,0.0,-217.78383211135798,0.0,-217.78383211135798,-218.51183211135805,0.0,False,0
2025-05-12T16:30:00+00:00,SPX,2025-05-12,5812.88,TREND_UP,IDLE,0.0,-218.51183211135805,0.0,-217.78383211135798,0.0,-217.78383211135798,-218.51183211135805,0.0,False,0
2025-05-12T17:00:00+00:00,SPX,2025-05-12,5829.92,TREND_UP,IDLE,0.0,-218.51183211135805,0.0,-217.78383211135798,0.0,-217.78383211135798,-218.51183211135805,0.0,False,0
2025-05-12T17:30:00+00:00,SPX,2025-05-12,5830.79,TREND_UP,IDLE,0.0,-218.51183211135805,0.0,-217.78383211135798,0.0,-217.78383211135798,-218.51183211135805,0.0,False,0
2025-05-12T18:00:00+00:00,SPX,2025-05-12,5836.2,TREND_UP,IDLE,0.0,-218.51183211135805,0.0,-217.78383211135798,0.0,-217.78383211135798,-218.51183211135805,0.0,False,0
2025-05-12T18:30:00+00:00,SPX,2025-05-12,5836.93,TREND_UP,IDLE,0.0,-218.51183211135805,0.0,-217.78383211135798,0.0,-217.78383211135798,-218.51183211135805,0.0,False,0
2025-05-12T19:00:00+00:00,SPX,2025-05-12,5835.8,TREND_UP,IDLE,0.0,-218.51183211135805,0.0,-217.78383211135798,0.0,-217.78383211135798,-218.51183211135805,0.0,False,0
2025-05-12T19:30:00+00:00,SPX,2025-05-12,5831.95,TREND_UP,IDLE,0.0,-218.51183211135805,0.0,-217.78383211135798,0.0,-217.78383211135798,-218.51183211135805,0.0,False,0
2025-05-12T20:00:00+00:00,SPX,2025-05-12,5844.58,TREND_UP,IDLE,0.0,-218.51183211135805,0.0,-217.78383211135798,0.0,-217.78383211135798,-218.51183211135805,0.0,False,0
2025-05-13T13:30:00+00:00,SPX,2025-05-12,5850.17,TREND_UP,IDLE,0.0,-218.51183211135805,0.0,-217.78383211135798,0.0,-217.78383211135798,-218.51183211135805,0.0,False,0
2025-05-13T14:00:00+00:00,SPX,2025-05-12,5873.35,TREND_UP,IDLE,0.0,-218.51183211135805,0.0,-217.78383211135798,0.0,-217.78383211135798,-218.51183211135805,0.0,False,0
2025-05-13T14:30:00+00:00,SPX,2025-05-12,5886.16,TREND_UP,IDLE,0.0,-218.51183211135805,0.0,-217.78383211135798,0.0,-217.78383211135798,-218.51183211135805,0.0,False,0
2025-05-13T15:00:00+00:00,SPX,2025-05-12,5887.78,TREND_UP,IDLE,0.0,-218.51183211135805,0.0,-217.78383211135798,0.0,-217.78383211135798,-218.51183211135805,0.0,False,0
2025-05-13T15:30:00+00:00,SPX,2025-05-12,5895.85,TREND_UP,IDLE,0.0,-218.51183211135805,0.0,-217.78383211135798,0.0,-217.78383211135798,-218.51183211135805,0.0,False,0
2025-05-13T16:00:00+00:00,SPX,2025-05-12,5887.31,TREND_UP,IDLE,0.0,-218.51183211135805,0.0,-217.78383211135798,0.0,-217.78383211135798,-218.51183211135805,0.0,False,0
2025-05-13T16:30:00+00:00,SPX,2025-05-12,5892.17,TREND_UP,IDLE,0.0,-218.51183211135805,0.0,-217.78383211135798,0.0,-217.78383211135798,-218.51183211135805,0.0,False,0
2025-05-13T17:00:00+00:00,SPX,2025-05-12,5895.54,TREND_UP,IDLE,0.0,-218.51183211135805,0.0,-217.78383211135798,0.0,-217.78383211135798,-218.51183211135805,0.0,False,0
2025-05-13T17:30:00+00:00,SPX,2025-05-12,5905.49,TREND_UP,IDLE,0.0,-218.51183211135805,0.0,-217.78383211135798,0.0,-217.78383211135798,-218.51183211135805,0.0,False,0
2025-05-13T18:00:00+00:00,SPX,2025-05-12,5896.42,TREND_UP,IDLE,0.0,-218.51183211135805,0.0,-217.78383211135798,0.0,-217.78383211135798,-218.51183211135805,0.0,False,0
2025-05-13T18:30:00+00:00,SPX,2025-05-12,5894.74,TREND_UP,IDLE,0.0,-218.51183211135805,0.0,-217.78383211135798,0.0,-217.78383211135798,-218.51183211135805,0.0,False,0
2025-05-13T19:00:00+00:00,SPX,2025-05-12,5901.12,TREND_UP,IDLE,0.0,-218.51183211135805,0.0,-217.78383211135798,0.0,-217.78383211135798,-218.51183211135805,0.0,False,0
2025-05-13T19:30:00+00:00,SPX,2025-05-12,5903.51,TREND_UP,IDLE,0.0,-218.51183211135805,0.0,-217.78383211135798,0.0,-217.78383211135798,-218.51183211135805,0.0,False,0
2025-05-13T20:00:00+00:00,SPX,2025-05-12,5884.87,TREND_UP,IDLE,0.0,-218.51183211135805,0.0,-217.78383211135798,0.0,-217.78383211135798,-218.51183211135805,0.0,False,0
2025-05-14T13:30:00+00:00,SPX,2025-05-12,5904.5,TREND_UP,IDLE,0.0,-218.51183211135805,0.0,-217.78383211135798,0.0,-217.78383211135798,-218.51183211135805,0.0,False,0
2025-05-14T14:00:00+00:00,SPX,2025-05-12,5890.32,TREND_UP,IDLE,0.0,-218.51183211135805,0.0,-217.78383211135798,0.0,-217.78383211135798,-218.51183211135805,0.0,False,0
2025-05-14T14:30:00+00:00,SPX,2025-05-12,5890.17,TREND_UP,IDLE,0.0,-218.51183211135805,0.0,-217.78383211135798,0.0,-217.78383211135798,-218.51183211135805,0.0,False,0
2025-05-14T15:00:00+00:00,SPX,2025-05-12,5877.62,TREND_UP,IDLE,0.0,-218.51183211135805,0.0,-217.78383211135798,0.0,-217.78383211135798,-218.51183211135805,0.0,False,0
2025-05-14T15:30:00+00:00,SPX,2025-05-12,5897.35,TREND_UP,IDLE,0.0,-218.51183211135805,0.0,-217.78383211135798,0.0,-217.78383211135798,-218.51183211135805,0.0,False,0
2025-05-14T16:00:00+00:00,SPX,2025-05-12,5898.27,TREND_UP,IDLE,0.0,-218.51183211135805,0.0,-217.78383211135798,0.0,-217.78383211135798,-218.51183211135805,0.0,False,0
2025-05-14T16:30:00+00:00,SPX,2025-05-12,5900.4,TREND_UP,IDLE,0.0,-218.51183211135805,0.0,-217.78383211135798,0.0,-217.78383211135798,-218.51183211135805,0.0,False,0
2025-05-14T17:00:00+00:00,SPX,2025-05-12,5888.49,TREND_UP,IDLE,0.0,-218.51183211135805,0.0,-217.78383211135798,0.0,-217.78383211135798,-218.51183211135805,0.0,False,0
2025-05-14T17:30:00+00:00,SPX,2025-05-12,5879.68,TREND_UP,IDLE,0.0,-218.51183211135805,0.0,-217.78383211135798,0.0,-217.78383211135798,-218.51183211135805,0.0,False,0
2025-05-14T18:00:00+00:00,SPX,2025-05-12,5888.93,TREND_UP,IDLE,0.0,-218.51183211135805,0.0,-217.78383211135798,0.0,-217.78383211135798,-218.51183211135805,0.0,False,0
2025-05-14T18:30:00+00:00,SPX,2025-05-12,5895.77,TREND_UP,IDLE,0.0,-218.51183211135805,0.0,-217.78383211135798,0.0,-217.78383211135798,-218.51183211135805,0.0,False,0
2025-05-14T19:00:00+00:00,SPX,2025-05-12,5887.75,TREND_UP,IDLE,0.0,-218.51183211135805,0.0,-217.78383211135798,0.0,-217.78383211135798,-218.51183211135805,0.0,False,0
2025-05-14T19:30:00+00:00,SPX,2025-05-12,5885.97,TREND_UP,IDLE,0.0,-218.51183211135805,0.0,-217.78383211135798,0.0,-217.78383211135798,-218.51183211135805,0.0,False,0
2025-05-14T20:00:00+00:00,SPX,2025-05-12,5891.51,TREND_UP,IDLE,0.0,-218.51183211135805,0.0,-217.78383211135798,0.0,-217.78383211135798,-218.51183211135805,0.0,False,0
2025-05-15T13:30:00+00:00,SPX,2025-05-12,5877.75,TREND_UP,IDLE,0.0,-218.51183211135805,0.0,-217.78383211135798,0.0,-217.78383211135798,-218.51183211135805,0.0,False,0
2025-05-15T14:00:00+00:00,SPX,2025-05-12,5883.03,TREND_UP,IDLE,0.0,-218.51183211135805,0.0,-217.78383211135798,0.0,-217.78383211135798,-218.51183211135805,0.0,False,0
2025-05-15T14:30:00+00:00,SPX,2025-05-12,5870.05,TREND_UP,IDLE,0.0,-218.51183211135805,0.0,-217.78383211135798,0.0,-217.78383211135798,-218.51183211135805,0.0,False,0
2025-05-15T15:00:00+00:00,SPX,2025-05-12,5887.03,TREND_UP,IDLE,0.0,-218.51183211135805,0.0,-217.78383211135798,0.0,-217.78383211135798,-218.51183211135805,0.0,False,0
2025-05-15T15:30:00+00:00,SPX,2025-05-12,5897.92,TREND_UP,IDLE,0.0,-218.51183211135805,0.0,-217.78383211135798,0.0,-217.78383211135798,-218.51183211135805,0.0,False,0
2025-05-15T16:00:00+00:00,SPX,2025-05-12,5907.74,TREND_UP,IDLE,0.0,-218.51183211135805,0.0,-217.78383211135798,0.0,-217.78383211135798,-218.51183211135805,0.0,False,0
2025-05-15T16:30:00+00:00,SPX,2025-05-12,5905.74,TREND_UP,IDLE,0.0,-218.51183211135805,0.0,-217.78383211135798,0.0,-217.78383211135798,-218.51183211135805,0.0,False,0
2025-05-15T17:00:00+00:00,SPX,2025-05-12,5920.67,TREND_UP,IDLE,0.0,-218.51183211135805,0.0,-217.78383211135798,0.0,-217.78383211135798,-218.51183211135805,0.0,False,0
2025-05-15T17:30:00+00:00,SPX,2025-05-12,5916.21,TREND_UP,IDLE,0.0,-218.51183211135805,0.0,-217.78383211135798,0.0,-217.78383211135798,-218.51183211135805,0.0,False,0
2025-05-15T18:00:00+00:00,SPX,2025-05-12,5910.53,TREND_UP,IDLE,0.0,-218.51183211135805,0.0,-217.78383211135798,0.0,-217.78383211135798,-218.51183211135805,0.0,False,0
2025-05-15T18:30:00+00:00,SPX,2025-05-12,5915.85,TREND_UP,IDLE,0.0,-218.51183211135805,0.0,-217.78383211135798,0.0,-217.78383211135798,-218.51183211135805,0.0,False,0
2025-05-15T19:00:00+00:00,SPX,2025-05-12,5914.53,TREND_UP,IDLE,0.0,-218.51183211135805,0.0,-217.78383211135798,0.0,-217.78383211135798,-218.51183211135805,0.0,False,0
2025-05-15T19:30:00+00:00,SPX,2025-05-12,5908.51,TREND_UP,IDLE,0.0,-218.51183211135805,0.0,-217.78383211135798,0.0,-217.78383211135798,-218.51183211135805,0.0,False,0
2025-05-15T20:00:00+00:00,SPX,2025-05-12,5917.44,TREND_UP,IDLE,0.0,-218.51183211135805,0.0,-217.78383211135798,0.0,-217.78383211135798,-218.51183211135805,0.0,False,0
2025-05-16T13:30:00+00:00,SPX,2025-05-12,5919.41,TREND_UP,IDLE,0.0,-218.51183211135805,0.0,-217.78383211135798,0.0,-217.78383211135798,-218.51183211135805,0.0,False,0
2025-05-16T14:00:00+00:00,SPX,2025-05-12,5925.68,TREND_UP,IDLE,0.0,-218.51183211135805,0.0,-217.78383211135798,0.0,-217.78383211135798,-218.51183211135805,0.0,False,0
2025-05-16T14:30:00+00:00,SPX,2025-05-12,5919.09,TREND_UP,IDLE,0.0,-218.51183211135805,0.0,-217.78383211135798,0.0,-217.78383211135798,-218.51183211135805,0.0,False,0
2025-05-16T15:00:00+00:00,SPX,2025-05-12,5920.02,TREND_UP,IDLE,0.0,-218.51183211135805,0.0,-217.78383211135798,0.0,-217.78383211135798,-218.51183211135805,0.0,False,0
2025-05-16T15:30:00+00:00,SPX,2025-05-12,5927.48,TREND_UP,IDLE,0.0,-218.51183211135805,0.0,-217.78383211135798,0.0,-217.78383211135798,-218.51183211135805,0.0,False,0
2025-05-16T16:00:00+00:00,SPX,2025-05-12,5929.26,TREND_UP,IDLE,0.0,-218.51183211135805,0.0,-217.78383211135798,0.0,-217.78383211135798,-218.51183211135805,0.0,False,0
2025-05-16T16:30:00+00:00,SPX,2025-05-12,5934.03,TREND_UP,IDLE,0.0,-218.51183211135805,0.0,-217.78383211135798,0.0,-217.78383211135798,-218.51183211135805,0.0,False,0
2025-05-16T17:00:00+00:00,SPX,2025-05-12,5940.58,TREND_UP,IDLE,0.0,-218.51183211135805,0.0,-217.78383211135798,0.0,-217.78383211135798,-218.51183211135805,0.0,False,0
2025-05-16T17:30:00+00:00,SPX,2025-05-12,5947.7,TREND_UP,IDLE,0.0,-218.51183211135805,0.0,-217.78383211135798,0.0,-217.78383211135798,-218.51183211135805,0.0,False,0
2025-05-16T18:00:00+00:00,SPX,2025-05-12,5943.27,TREND_UP,IDLE,0.0,-218.51183211135805,0.0,-217.78383211135798,0.0,-217.78383211135798,-218.51183211135805,0.0,False,0
2025-05-16T18:30:00+00:00,SPX,2025-05-12,5947.91,TREND_UP,IDLE,0.0,-218.51183211135805,0.0,-217.78383211135798,0.0,-217.78383211135798,-218.51183211135805,0.0,False,0
2025-05-16T19:00:00+00:00,SPX,2025-05-12,5953.02,TREND_UP,IDLE,0.0,-218.51183211135805,0.0,-217.78383211135798,0.0,-217.78383211135798,-218.51183211135805,0.0,False,0
2025-05-16T19:30:00+00:00,SPX,2025-05-12,5950.53,TREND_UP,IDLE,0.0,-218.51183211135805,0.0,-217.78383211135798,0.0,-217.78383211135798,-218.51183211135805,0.0,False,0
2025-05-16T20:00:00+00:00,SPX,2025-05-12,5958.4,TREND_UP,IDLE,0.0,-218.51183211135805,0.0,-217.78383211135798,0.0,-217.78383211135798,-218.51183211135805,0.0,False,0
2025-05-19T13:30:00+00:00,SPX,2025-05-19,5904.14,RANGE,IDLE,0.0,-218.51183211135805,0.0,-217.78383211135798,0.0,-217.78383211135798,-218.51183211135805,0.0,False,0
2025-05-19T14:00:00+00:00,SPX,2025-05-19,5933.52,RANGE,ACTIVE,-82.668,-218.51183211135805,-82.668,-217.78383211135798,-82.5,-300.283832111358,-301.17983211135805,82.668,False,3
2025-05-19T14:30:00+00:00,SPX,2025-05-19,5938.06,RANGE,ADJUSTED,15.60309656888893,-218.51183211135805,-67.06490343111109,-217.78383211135798,-66.84090343111109,-284.62473554246907,-285.5767355424691,110.224,True,4
2025-05-19T15:00:00+00:00,SPX,2025-05-19,5939.58,RANGE,ADJUSTED,0.2154175385184658,-218.51183211135805,-66.8494858925926,-217.78383211135798,-66.6254858925926,-284.4093180039506,-285.36131800395066,110.224,True,4
2025-05-19T15:30:00+00:00,SPX,2025-05-19,5938.97,RANGE,ADJUSTED,0.06583093135805029,-218.51183211135805,-66.78365496123456,-217.78383211135798,-66.55965496123454,-284.34348707259255,-285.2954870725926,110.224,True,4
2025-05-19T16:00:00+00:00,SPX,2025-05-19,5946.76,RANGE,ADJUSTED,-0.3003681972839445,-218.51183211135805,-67.08402315851853,-217.78383211135798,-66.86002315851853,-284.6438552698765,-285.59585526987655,110.224,True,4
2025-05-19T16:30:00+00:00,SPX,2025-05-19,5950.55,TREND_UP,ABORTED,-0.22246209827164876,-285.8183173681482,0.0,-284.8103173681481,0.0,-284.8103173681481,-285.8183173681482,0.0,False,0
2025-05-19T17:00:00+00:00,SPX,2025-05-19,5963.52,TREND_UP,ABORTED,0.0,-285.8183173681482,0.0,-284.8103173681481,0.0,-284.8103173681481,-285.8183173681482,0.0,False,0
2025-05-19T17:30:00+00:00,SPX,2025-05-19,5967.35,RANGE,ABORTED,0.0,-285.8183173681482,0.0,-284.8103173681481,0.0,-284.8103173681481,-285.8183173681482,0.0,False,0
2025-05-19T18:00:00+00:00,SPX,2025-05-19,5957.15,RANGE,ABORTED,0.0,-285.8183173681482,0.0,-284.8103173681481,0.0,-284.8103173681481,-285.8183173681482,0.0,False,0
2025-05-19T18:30:00+00:00,SPX,2025-05-19,5953.68,RANGE,ABORTED,0.0,-285.8183173681482,0.0,-284.8103173681481,0.0,-284.8103173681481,-285.8183173681482,0.0,False,0
2025-05-19T19:00:00+00:00,SPX,2025-05-19,5955.1,RANGE,ABORTED,0.0,-285.8183173681482,0.0,-284.8103173681481,0.0,-284.8103173681481,-285.8183173681482,0.0,False,0
2025-05-19T19:30:00+00:00,SPX,2025-05-19,5950.04,RANGE,ABORTED,0.0,-285.8183173681482,0.0,-284.8103173681481,0.0,-284.8103173681481,-285.8183173681482,0.0,False,0
2025-05-19T20:00:00+00:00,SPX,2025-05-19,5964.16,RANGE,ABORTED,0.0,-285.8183173681482,0.0,-284.8103173681481,0.0,-284.8103173681481,-285.8183173681482,0.0,False,0
2025-05-20T13:30:00+00:00,SPX,2025-05-19,5946.2,RANGE,ABORTED,0.0,-285.8183173681482,0.0,-284.8103173681481,0.0,-284.8103173681481,-285.8183173681482,0.0,False,0
2025-05-20T14:00:00+00:00,SPX,2025-05-19,5944.37,RANGE,ABORTED,0.0,-285.8183173681482,0.0,-284.8103173681481,0.0,-284.8103173681481,-285.8183173681482,0.0,False,0
2025-05-20T14:30:00+00:00,SPX,2025-05-19,5943.27,RANGE,ABORTED,0.0,-285.8183173681482,0.0,-284.8103173681481,0.0,-284.8103173681481,-285.8183173681482,0.0,False,0
2025-05-20T15:00:00+00:00,SPX,2025-05-19,5943.38,RANGE,ABORTED,0.0,-285.8183173681482,0.0,-284.8103173681481,0.0,-284.8103173681481,-285.8183173681482,0.0,False,0
2025-05-20T15:30:00+00:00,SPX,2025-05-19,5945.53,RANGE,ABORTED,0.0,-285.8183173681482,0.0,-284.8103173681481,0.0,-284.8103173681481,-285.8183173681482,0.0,False,0
2025-05-20T16:00:00+00:00,SPX,2025-05-19,5943.38,RANGE,ABORTED,0.0,-285.8183173681482,0.0,-284.8103173681481,0.0,-284.8103173681481,-285.8183173681482,0.0,False,0
2025-05-20T16:30:00+00:00,SPX,2025-05-19,5940.76,RANGE,ABORTED,0.0,-285.8183173681482,0.0,-284.8103173681481,0.0,-284.8103173681481,-285.8183173681482,0.0,False,0
2025-05-20T17:00:00+00:00,SPX,2025-05-19,5949.61,RANGE,ABORTED,0.0,-285.8183173681482,0.0,-284.8103173681481,0.0,-284.8103173681481,-285.8183173681482,0.0,False,0
2025-05-20T17:30:00+00:00,SPX,2025-05-19,5942.07,RANGE,ABORTED,0.0,-285.8183173681482,0.0,-284.8103173681481,0.0,-284.8103173681481,-285.8183173681482,0.0,False,0
2025-05-20T18:00:00+00:00,SPX,2025-05-19,5943.54,RANGE,ABORTED,0.0,-285.8183173681482,0.0,-284.8103173681481,0.0,-284.8103173681481,-285.8183173681482,0.0,False,0
2025-05-20T18:30:00+00:00,SPX,2025-05-19,5923.04,RANGE,ABORTED,0.0,-285.8183173681482,0.0,-284.8103173681481,0.0,-284.8103173681481,-285.8183173681482,0.0,False,0
2025-05-20T19:00:00+00:00,SPX,2025-05-19,5910.86,RANGE,ABORTED,0.0,-285.8183173681482,0.0,-284.8103173681481,0.0,-284.8103173681481,-285.8183173681482,0.0,False,0
2025-05-20T19:30:00+00:00,SPX,2025-05-19,5932.71,RANGE,ABORTED,0.0,-285.8183173681482,0.0,-284.8103173681481,0.0,-284.8103173681481,-285.8183173681482,0.0,False,0
2025-05-20T20:00:00+00:00,SPX,2025-05-19,5940.83,RANGE,ABORTED,0.0,-285.8183173681482,0.0,-284.8103173681481,0.0,-284.8103173681481,-285.8183173681482,0.0,False,0
2025-05-21T13:30:00+00:00,SPX,2025-05-19,5905.72,RANGE,ABORTED,0.0,-285.8183173681482,0.0,-284.8103173681481,0.0,-284.8103173681481,-285.8183173681482,0.0,False,0
2025-05-21T14:00:00+00:00,SPX,2025-05-19,5918.6,RANGE,ABORTED,0.0,-285.8183173681482,0.0,-284.8103173681481,0.0,-284.8103173681481,-285.8183173681482,0.0,False,0
2025-05-21T14:30:00+00:00,SPX,2025-05-19,5905.77,RANGE,ABORTED,0.0,-285.8183173681482,0.0,-284.8103173681481,0.0,-284.8103173681481,-285.8183173681482,0.0,False,0
2025-05-21T15:00:00+00:00,SPX,2025-05-19,5920.3,RANGE,ABORTED,0.0,-285.8183173681482,0.0,-284.8103173681481,0.0,-284.8103173681481,-285.8183173681482,0.0,False,0
2025-05-21T15:30:00+00:00,SPX,2025-05-19,5930.08,RANGE,ABORTED,0.0,-285.8183173681482,0.0,-284.8103173681481,0.0,-284.8103173681481,-285.8183173681482,0.0,False,0
2025-05-21T16:00:00+00:00,SPX,2025-05-19,5930.92,RANGE,ABORTED,0.0,-285.8183173681482,0.0,-284.8103173681481,0.0,-284.8103173681481,-285.8183173681482,0.0,False,0
2025-05-21T16:30:00+00:00,SPX,2025-05-19,5933.51,RANGE,ABORTED,0.0,-285.8183173681482,0.0,-284.8103173681481,0.0,-284.8103173681481,-285.8183173681482,0.0,False,0
2025-05-21T17:00:00+00:00,SPX,2025-05-19,5926.46,RANGE,ABORTED,0.0,-285.8183173681482,0.0,-284.8103173681481,0.0,-284.8103173681481,-285.8183173681482,0.0,False,0
2025-05-21T17:30:00+00:00,SPX,2025-05-19,5873.51,RANGE,ABORTED,0.0,-285.8183173681482,0.0,-284.8103173681481,0.0,-284.8103173681481,-285.8183173681482,0.0,False,0
2025-05-21T18:00:00+00:00,SPX,2025-05-19,5863.03,RANGE,ABORTED,0.0,-285.8183173681482,0.0,-284.8103173681481,0.0,-284.8103173681481,-285.8183173681482,0.0,False,0
2025-05-21T18:30:00+00:00,SPX,2025-05-19,5871.41,RANGE,ABORTED,0.0,-285.8183173681482,0.0,-284.8103173681481,0.0,-284.8103173681481,-285.8183173681482,0.0,False,0
2025-05-21T19:00:00+00:00,SPX,2025-05-19,5854.19,RANGE,ABORTED,0.0,-285.8183173681482,0.0,-284.8103173681481,0.0,-284.8103173681481,-285.8183173681482,0.0,False,0
2025-05-21T19:30:00+00:00,SPX,2025-05-19,5846.57,RANGE,ABORTED,0.0,-285.8183173681482,0.0,-284.8103173681481,0.0,-284.8103173681481,-285.8183173681482,0.0,False,0
2025-05-21T20:00:00+00:00,SPX,2025-05-19,5844.17,RANGE,ABORTED,0.0,-285.8183173681482,0.0,-284.8103173681481,0.0,-284.8103173681481,-285.8183173681482,0.0,False,0
2025-05-22T13:30:00+00:00,SPX,2025-05-19,5828.29,RANGE,ABORTED,0.0,-285.8183173681482,0.0,-284.8103173681481,0.0,-284.8103173681481,-285.8183173681482,0.0,False,0
2025-05-22T14:00:00+00:00,SPX,2025-05-19,5860.15,RANGE,ABORTED,0.0,-285.8183173681482,0.0,-284.8103173681481,0.0,-284.8103173681481,-285.8183173681482,0.0,False,0
2025-05-22T14:30:00+00:00,SPX,2025-05-19,5841.98,RANGE,ABORTED,0.0,-285.8183173681482,0.0,-284.8103173681481,0.0,-284.8103173681481,-285.8183173681482,0.0,False,0
2025-05-22T15:00:00+00:00,SPX,2025-05-19,5845.33,RANGE,ABORTED,0.0,-285.8183173681482,0.0,-284.8103173681481,0.0,-284.8103173681481,-285.8183173681482,0.0,False,0
2025-05-22T15:30:00+00:00,SPX,2025-05-19,5844.9,RANGE,ABORTED,0.0,-285.8183173681482,0.0,-284.8103173681481,0.0,-284.8103173681481,-285.8183173681482,0.0,False,0
2025-05-22T16:00:00+00:00,SPX,2025-05-19,5856.38,RANGE,ABORTED,0.0,-285.8183173681482,0.0,-284.8103173681481,0.0,-284.8103173681481,-285.8183173681482,0.0,False,0
2025-05-22T16:30:00+00:00,SPX,2025-05-19,5852.54,RANGE,ABORTED,0.0,-285.8183173681482,0.0,-284.8103173681481,0.0,-284.8103173681481,-285.8183173681482,0.0,False,0
2025-05-22T17:00:00+00:00,SPX,2025-05-19,5841.33,RANGE,ABORTED,0.0,-285.8183173681482,0.0,-284.8103173681481,0.0,-284.8103173681481,-285.8183173681482,0.0,False,0
2025-05-22T17:30:00+00:00,SPX,2025-05-19,5861.49,RANGE,ABORTED,0.0,-285.8183173681482,0.0,-284.8103173681481,0.0,-284.8103173681481,-285.8183173681482,0.0,False,0
2025-05-22T18:00:00+00:00,SPX,2025-05-19,5866.53,RANGE,ABORTED,0.0,-285.8183173681482,0.0,-284.8103173681481,0.0,-284.8103173681481,-285.8183173681482,0.0,False,0
2025-05-22T18:30:00+00:00,SPX,2025-05-19,5868.22,RANGE,ABORTED,0.0,-285.8183173681482,0.0,-284.8103173681481,0.0,-284.8103173681481,-285.8183173681482,0.0,False,0
2025-05-22T19:00:00+00:00,SPX,2025-05-19,5873.92,RANGE,ABORTED,0.0,-285.8183173681482,0.0,-284.8103173681481,0.0,-284.8103173681481,-285.8183173681482,0.0,False,0
2025-05-22T19:30:00+00:00,SPX,2025-05-19,5872.76,RANGE,ABORTED,0.0,-285.8183173681482,0.0,-284.8103173681481,0.0,-284.8103173681481,-285.8183173681482,0.0,False,0
2025-05-22T20:00:00+00:00,SPX,2025-05-19,5841.0,RANGE,ABORTED,0.0,-285.8183173681482,0.0,-284.8103173681481,0.0,-284.8103173681481,-285.8183173681482,0.0,False,0
2025-05-23T13:30:00+00:00,SPX,2025-05-19,5784.71,TREND_DOWN,ABORTED,0.0,-285.8183173681482,0.0,-284.8103173681481,0.0,-284.8103173681481,-285.8183173681482,0.0,False,0
2025-05-23T14:00:00+00:00,SPX,2025-05-19,5790.69,TREND_DOWN,ABORTED,0.0,-285.8183173681482,0.0,-284.8103173681481,0.0,-284.8103173681481,-285.8183173681482,0.0,False,0
2025-05-23T14:30:00+00:00,SPX,2025-05-19,5797.38,TREND_DOWN,ABORTED,0.0,-285.8183173681482,0.0,-284.8103173681481,0.0,-284.8103173681481,-285.8183173681482,0.0,False,0
2025-05-23T15:00:00+00:00,SPX,2025-05-19,5789.03,TREND_DOWN,ABORTED,0.0,-285.8183173681482,0.0,-284.8103173681481,0.0,-284.8103173681481,-285.8183173681482,0.0,False,0
2025-05-23T15:30:00+00:00,SPX,2025-05-19,5802.87,TREND_DOWN,ABORTED,0.0,-285.8183173681482,0.0,-284.8103173681481,0.0,-284.8103173681481,-285.8183173681482,0.0,False,0
2025-05-23T16:00:00+00:00,SPX,2025-05-19,5791.0,TREND_DOWN,ABORTED,0.0,-285.8183173681482,0.0,-284.8103173681481,0.0,-284.8103173681481,-285.8183173681482,0.0,False,0
2025-05-23T16:30:00+00:00,SPX,2025-05-19,5793.74,TREND_DOWN,ABORTED,0.0,-285.8183173681482,0.0,-284.8103173681481,0.0,-284.8103173681481,-285.8183173681482,0.0,False,0
2025-05-23T17:00:00+00:00,SPX,2025-05-19,5806.36,TREND_DOWN,ABORTED,0.0,-285.8183173681482,0.0,-284.8103173681481,0.0,-284.8103173681481,-285.8183173681482,0.0,False,0
2025-05-23T17:30:00+00:00,SPX,2025-05-19,5817.44,RANGE,ABORTED,0.0,-285.8183173681482,0.0,-284.8103173681481,0.0,-284.8103173681481,-285.8183173681482,0.0,False,0
2025-05-23T18:00:00+00:00,SPX,2025-05-19,5824.9,RANGE,ABORTED,0.0,-285.8183173681482,0.0,-284.8103173681481,0.0,-284.8103173681481,-285.8183173681482,0.0,False,0
2025-05-23T18:30:00+00:00,SPX,2025-05-19,5822.3,RANGE,ABORTED,0.0,-285.8183173681482,0.0,-284.8103173681481,0.0,-284.8103173681481,-285.8183173681482,0.0,False,0
2025-05-23T19:00:00+00:00,SPX,2025-05-19,5814.64,TREND_DOWN,ABORTED,0.0,-285.8183173681482,0.0,-284.8103173681481,0.0,-284.8103173681481,-285.8183173681482,0.0,False,0
2025-05-23T19:30:00+00:00,SPX,2025-05-19,5815.25,TREND_DOWN,ABORTED,0.0,-285.8183173681482,0.0,-284.8103173681481,0.0,-284.8103173681481,-285.8183173681482,0.0,False,0
2025-05-23T20:00:00+00:00,SPX,2025-05-19,5804.16,TREND_DOWN,ABORTED,0.0,-285.8183173681482,0.0,-284.8103173681481,0.0,-284.8103173681481,-285.8183173681482,0.0,False,0
2025-05-27T13:30:00+00:00,SPX,2025-05-26,5863.68,RANGE,IDLE,0.0,-285.8183173681482,0.0,-284.8103173681481,0.0,-284.8103173681481,-285.8183173681482,0.0,False,0
2025-05-27T14:00:00+00:00,SPX,2025-05-26,5880.41,RANGE,ACTIVE,-82.668,-285.8183173681482,-82.668,-284.8103173681481,-82.5,-367.3103173681481,-368.4863173681482,82.668,False,3
2025-05-27T14:30:00+00:00,SPX,2025-05-26,5892.82,RANGE,ADJUSTED,15.586308515555515,-285.8183173681482,-67.08169148444446,-284.8103173681481,-66.85769148444446,-351.66800885259255,-352.9000088525927,110.224,True,4
2025-05-27T15:00:00+00:00,SPX,2025-05-26,5894.14,RANGE,ADJUSTED,0.2012137572839947,-285.8183173681482,-66.88047772716048,-284.8103173681481,-66.65647772716048,-351.4667950953086,-352.6987950953087,110.224,True,4
2025-05-27T15:30:00+00:00,SPX,2025-05-26,5899.09,RANGE,ADJUSTED,-0.12019779851851808,-285.8183173681482,-67.00067552567903,-284.8103173681481,-66.77667552567902,-351.58699289382713,-352.8189928938272,110.224,True,4
2025-05-27T16:00:00+00:00,SPX,2025-05-26,5905.96,RANGE,ADJUSTED,-0.3832592106172683,-285.8183173681482,-67.3839347362963,-284.8103173681481,-67.1599347362963,-351.9702521044444,-353.2022521044445,110.224,True,4
2025-05-27T16:30:00+00:00,SPX,2025-05-26,5906.5,RANGE,ADJUSTED,0.06515085975308921,-285.8183173681482,-67.31878387654321,-284.8103173681481,-67.0947838765432,-351.9051012446913,-353.1371012446914,110.224,True,4
2025-05-27T17:00:00+00:00,SPX,2025-05-26,5913.81,RANGE,ADJUSTED,-0.4253799312346018,-285.8183173681482,-67.74416380777781,-284.8103173681481,-67.5201638077778,-352.3304811759259,-353.562481175926,110.224,True,4
2025-05-27T17:30:00+00:00,SPX,2025-05-26,5913.42,RANGE,ADJUSTED,0.1285772522222146,-285.8183173681482,-67.61558655555557,-284.8103173681481,-67.39158655555556,-352.20190392370364,-353.4339039237038,110.224,True,4
2025-05-27T18:00:00+00:00,SPX,2025-05-26,5920.09,RANGE,ADJUSTED,-0.38889894728396257,-285.8183173681482,-68.00448550283951,-284.8103173681481,-67.78048550283951,-352.5908028709876,-353.82280287098774,110.224,True,4
2025-05-27T18:30:00+00:00,SPX,2025-05-26,5919.81,RANGE,ADJUSTED,0.11778354432101423,-285.8183173681482,-67.88670195851856,-284.8103173681481,-67.66270195851854,-352.47301932666664,-353.70501932666673,110.224,True,4
2025-05-27T19:00:00+00:00,SPX,2025-05-26,5916.11,RANGE,ADJUSTED,0.3722371929629844,-285.8183173681482,-67.51446476555553,-284.8103173681481,-67.29046476555553,-352.10078213370366,-353.33278213370374,110.224,True,4
2025-05-27T19:30:00+00:00,SPX,2025-05-26,5914.87,RANGE,ADJUSTED,0.19180448086422075,-285.8183173681482,-67.32266028469135,-284.8103173681481,-67.09866028469135,-351.90897765283944,-353.1409776528395,110.224,True,4
2025-05-27T20:00:00+00:00,SPX,2025-05-26,5921.17,RANGE,ADJUSTED,-0.37470488135807045,-285.8183173681482,-67.6973651660494,-284.8103173681481,-67.47336516604939,-352.2836825341975,-353.5156825341976,110.224,True,4
2025-05-28T13:30:00+00:00,SPX,2025-05-26,5932.14,RANGE,ADJUSTED,2.367985040123415,-285.8183173681482,-65.32938012592597,-284.8103173681481,-65.10538012592596,-349.91569749407404,-351.1476974940742,110.224,True,4
2025-05-28T14:00:00+00:00,SPX,2025-05-26,5920.78,RANGE,ADJUSTED,1.1452502980247914,-285.8183173681482,-64.18412982790122,-284.8103173681481,-63.96012982790121,-348.7704471960493,-350.0024471960494,110.224,True,4
2025-05-28T14:30:00+00:00,SPX,2025-05-26,5913.4,RANGE,ADJUSTED,0.7850843760493831,-285.8183173681482,-63.39904545185182,-284.8103173681481,-63.175045451851815,-347.9853628199999,-349.21736282,110.224,True,4
2025-05-28T15:00:00+00:00,SPX,2025-05-26,5912.44,RANGE,ADJUSTED,0.19036175753086582,-285.8183173681482,-63.20868369432095,-284.8103173681481,-62.98468369432095,-347.79500106246905,-349.02700106246914,110.224,True,4
2025-05-28T15:30:00+00:00,SPX,2025-05-26,5904.22,RANGE,ADJUSTED,0.8754658923455736,-285.8183173681482,-62.33321780197534,-284.8103173681481,-62.10921780197533,-346.9195351701234,-348.15153517012357,110.224,True,4
2025-05-28T16:00:00+00:00,SPX,2025-05-26,5907.05,RANGE,ADJUSTED,-0.16325118876540046,-285.8183173681482,-62.49646899074075,-284.8103173681481,-62.27246899074075,-347.0827863588888,-348.31478635888897,110.224,True,4
2025-05-28T16:30:00+00:00,SPX,2025-05-26,5909.54,RANGE,ADJUSTED,-0.13362921271601635,-285.8183173681482,-62.63009820345678,-284.8103173681481,-62.40609820345678,-347.2164155716049,-348.448415571605,110.224,True,4
2025-05-28T17:00:00+00:00,SPX,2025-05-26,5914.59,RANGE,ADJUSTED,-0.38102954728395844,-285.8183173681482,-63.011127750740755,-284.8103173681481,-62.78712775074075,-347.59744511888886,-348.82944511888894,110.224,True,4
2025-05-28T17:30:00+00:00,SPX,2025-05-26,5911.44,RANGE,ADJUSTED,0.402752977407431,-285.8183173681482,-62.608374773333296,-284.8103173681481,-62.38437477333329,-347.19469214148137,-348.4266921414815,110.224,True,4
2025-05-28T18:00:00+00:00,SPX,2025-05-26,5913.91,RANGE,ADJUSTED,-0.13745704432102457,-285.8183173681482,-62.745831817654306,-284.8103173681481,-62.5218318176543,-347.3321491858024,-348.56414918580253,110.224,True,4
2025-05-28T18:30:00+00:00,SPX,2025-05-26,5912.55,RANGE,ADJUSTED,0.23223959543207684,-285.8183173681482,-62.51359222222224,-284.8103173681481,-62.28959222222224,-347.0999095903703,-348.33190959037046,110.224,True,4
2025-05-28T19:00:00+00:00,SPX,2025-05-26,5911.84,RANGE,ADJUSTED,0.17009562370373033,-285.8183173681482,-62.34349659851854,-284.8103173681481,-62.11949659851853,-346.92981396666664,-348.1618139666667,110.224,True,4
2025-05-28T19:30:00+00:00,SPX,2025-05-26,5904.03,RANGE,ADJUSTED,0.8674701933333608,-285.8183173681482,-61.476026405185166,-284.8103173681481,-61.25202640518516,-346.0623437733333,-347.29434377333337,110.224,True,4
2025-05-28T20:00:00+00:00,SPX,2025-05-26,5889.5,RANGE,ADJUSTED,0.4530054113579922,-285.8183173681482,-61.023020993827174,-284.8103173681481,-60.79902099382716,-345.6093383619753,-346.8413383619754,110.224,True,4
2025-05-29T13:30:00+00:00,SPX,2025-05-26,5931.82,RANGE,ADJUSTED,0.1109196787654696,-285.8183173681482,-60.91210131506169,-284.8103173681481,-60.68810131506169,-345.4984186832098,-346.7304186832099,110.224,True,4
2025-05-29T14:00:00+00:00,SPX,2025-05-26,5920.36,RANGE,ADJUSTED,1.4218937116049801,-285.8183173681482,-59.49020760345675,-284.8103173681481,-59.26620760345675,-344.07652497160484,-345.3085249716049,110.224,True,4
2025-05-29T14:30:00+00:00,SPX,2025-05-26,5905.65,RANGE,ADJUSTED,1.8119244923456677,-285.8183173681482,-57.67828311111107,-284.8103173681481,-57.45428311111106,-342.2646004792592,-343.49660047925926,110.224,True,4
2025-05-29T15:00:00+00:00,SPX,2025-05-26,5914.15,RANGE,ADJUSTED,-0.8909666672839762,-285.8183173681482,-58.56924977839502,-284.8103173681481,-58.345249778395015,-343.15556714654315,-344.38756714654323,110.224,True,4
2025-05-29T15:30:00+00:00,SPX,2025-05-26,5903.91,RANGE,ADJUSTED,1.3037604161728495,-285.8183173681482,-57.26548936222221,-284.8103173681481,-57.0414893622222,-341.8518067303703,-343.0838067303704,110.224,True,4
2025-05-29T16:00:00+00:00,SPX,2025-05-26,5885.72,RANGE,ADJUSTED,0.06129388222223042,-285.8183173681482,-57.20419547999997,-284.8103173681481,-56.98019547999996,-341.79051284814807,-343.02251284814815,110.224,True,4
2025-05-29T16:30:00+00:00,SPX,2025-05-26,5904.19,RANGE,ADJUSTED,0.11545672790123263,-285.8183173681482,-57.08873875209872,-284.8103173681481,-56.86473875209872,-341.67505612024684,-342.9070561202469,110.224,True,4
2025-05-29T17:00:00+00:00,SPX,2025-05-26,5911.16,RANGE,ADJUSTED,-0.724684302222272,-285.8183173681482,-57.81342305432098,-284.8103173681481,-57.58942305432097,-342.39974042246905,-343.6317404224692,110.224,True,4
2025-05-29T17:30:00+00:00,SPX,2025-05-26,5905.35,RANGE,ADJUSTED,0.7957323543209327,-285.8183173681482,-57.017690700000045,-284.8103173681481,-56.79369070000004,-341.6040080681481,-342.83600806814826,110.224,True,4
2025-05-29T18:00:00+00:00,SPX,2025-05-26,5900.85,RANGE,ADJUSTED,0.6441978277777594,-285.8183173681482,-56.37349287222227,-284.8103173681481,-56.14949287222226,-340.95981024037036,-342.1918102403705,110.224,True,4
2025-05-29T18:30:00+00:00,SPX,2025-05-26,5899.47,RANGE,ADJUSTED,0.27270385592595403,-285.8183173681482,-56.10078901629633,-284.8103173681481,-55.87678901629633,-340.6871063844444,-341.91910638444455,110.224,True,4
2025-05-29T19:00:00+00:00,SPX,2025-05-26,5904.41,RANGE,ADJUSTED,-0.49039477666661924,-285.8183173681482,-56.59118379296295,-284.8103173681481,-56.36718379296295,-341.1775011611111,-342.40950116111117,110.224,True,4
2025-05-29T19:30:00+00:00,SPX,2025-05-26,5903.46,RANGE,ADJUSTED,0.22009545962964694,-285.8183173681482,-56.37108833333335,-284.8103173681481,-56.14708833333334,-340.95740570148143,-342.1894057014815,110.224,True,4
2025-05-29T20:00:00+00:00,SPX,2025-05-26,5912.16,RANGE,ADJUSTED,-0.9555783274074088,-285.8183173681482,-57.32666666074073,-284.8103173681481,-57.102666660740724,-341.91298402888884,-343.1449840288889,110.224,True,4
2025-05-30T13:30:00+00:00,SPX,2025-05-26,5893.47,RANGE,ADJUSTED,5.705110978518519,-285.8183173681482,-51.621555682222194,-284.8103173681481,-51.39755568222218,-336.20787305037027,-337.4398730503704,110.224,True,4
2025-05-30T14:00:00+00:00,SPX,2025-05-26,5893.62,RANGE,ADJUSTED,0.12946620296293077,-285.8183173681482,-51.49208947925928,-284.8103173681481,-51.268089479259274,-336.0784068474074,-337.3104068474075,110.224,True,4
2025-05-30T14:30:00+00:00,SPX,2025-05-26,5906.15,RANGE,ADJUSTED,-1.2582004762962242,-285.8183173681482,-52.7502899555555,-284.8103173681481,-52.5262899555555,-337.3366073237036,-338.5686073237037,110.224,True,4
2025-05-30T15:00:00+00:00,SPX,2025-05-26,5898.67,RANGE,ADJUSTED,1.153969787530798,-285.8183173681482,-51.596320168024704,-284.8103173681481,-51.3723201680247,-336.1826375361728,-337.4146375361729,110.224,True,4
2025-05-30T15:30:00+00:00,SPX,2025-05-26,5892.49,RANGE,ADJUSTED,0.27092595444440803,-285.8183173681482,-51.32539421358028,-284.8103173681481,-51.10139421358027,-335.91171158172835,-337.1437115817285,110.224,True,4
2025-05-30T16:00:00+00:00,SPX,2025-05-26,5888.27,RANGE,ADJUSTED,-0.48845171493815087,-285.8183173681482,-51.81384592851846,-284.8103173681481,-51.58984592851846,-336.40016329666656,-337.63216329666665,110.224,True,4
2025-05-30T16:30:00+00:00,SPX,2025-05-26,5851.91,RANGE,ADJUSTED,-5.051401863580338,-285.8183173681482,-56.865247792098785,-284.8103173681481,-56.64124779209878,-341.4515651602469,-342.683565160247,110.224,True,4
2025-05-30T17:00:00+00:00,SPX,2025-05-26,5861.38,RANGE,ADJUSTED,1.4362237918518872,-285.8183173681482,-55.4290240002469,-284.8103173681481,-55.205024000246894,-340.015341368395,-341.2473413683951,110.224,True,4
2025-05-30T17:30:00+00:00,SPX,2025-05-26,5870.95,RANGE,ADJUSTED,1.4597056928394636,-285.8183173681482,-53.969318307407434,-284.8103173681481,-53.74531830740743,-338.55563567555555,-339.78763567555563,110.224,True,4
2025-05-30T18:00:00+00:00,SPX,2025-05-26,5877.04,RANGE,ADJUSTED,0.9703164506173039,-285.8183173681482,-52.99900185679013,-284.8103173681481,-52.77500185679013,-337.58531922493825,-338.81731922493833,110.224,True,4
2025-05-30T18:30:00+00:00,SPX,2025-05-26,5890.16,RANGE,ADJUSTED,1.9870526459259281,-285.8183173681482,-51.011949210864216,-284.8103173681481,-50.78794921086421,-335.5982665790123,-336.8302665790124,110.224,True,4
2025-05-30T19:00:00+00:00,SPX,2025-05-26,5905.22,RANGE,EXITED,-0.7252390358024172,-337.5555056148148,0.0,-336.2675056148148,0.0,-336.2675056148148,-337.5555056148148,0.0,False,0
2025-05-30T19:30:00+00:00,SPX,2025-05-26,5914.62,RANGE,EXITED,0.0,-337.5555056148148,0.0,-336.2675056148148,0.0,-336.2675056148148,-337.5555056148148,0.0,False,0
2025-05-30T20:00:00+00:00,SPX,2025-05-26,5907.06,RANGE,EXITED,0.0,-337.5555056148148,0.0,-336.2675056148148,0.0,-336.2675056148148,-337.5555056148148,0.0,False,0
2025-06-02T13:30:00+00:00,SPX,2025-06-02,5904.83,RANGE,IDLE,0.0,-337.5555056148148,0.0,-336.2675056148148,0.0,-336.2675056148148,-337.5555056148148,0.0,False,0
2025-06-02T14:00:00+00:00,SPX,2025-06-02,5869.3,RANGE,ACTIVE,-82.668,-337.5555056148148,-82.668,-336.2675056148148,-82.5,-418.7675056148148,-420.2235056148148,82.668,False,3
2025-06-02T14:30:00+00:00,SPX,2025-06-02,5903.14,RANGE,ADJUSTED,15.608692586666677,-337.5555056148148,-67.05930741333331,-336.2675056148148,-66.83530741333331,-403.10281302814815,-404.61481302814815,110.224,True,4
2025-06-02T15:00:00+00:00,SPX,2025-06-02,5899.81,RANGE,ADJUSTED,-0.12615814037036444,-337.5555056148148,-67.18546555370368,-336.2675056148148,-66.96146555370368,-403.22897116851846,-404.7409711685185,110.224,True,4
2025-06-02T15:30:00+00:00,SPX,2025-06-02,5892.91,RANGE,ADJUSTED,-0.3825839966667104,-337.5555056148148,-67.56804955037039,-336.2675056148148,-67.34404955037039,-403.6115551651852,-405.1235551651852,110.224,True,4
2025-06-02T16:00:00+00:00,SPX,2025-06-02,5905.21,RANGE,ADJUSTED,0.9517456381481679,-337.5555056148148,-66.61630391222222,-336.2675056148148,-66.39230391222222,-402.65980952703705,-404.17180952703706,110.224,True,4
2025-06-02T16:30:00+00:00,SPX,2025-06-02,5906.37,RANGE,ADJUSTED,0.025799002098779056,-337.5555056148148,-66.59050491012346,-336.2675056148148,-66.36650491012344,-402.6340105249383,-404.1460105249383,110.224,True,4
2025-06-02T17:00:00+00:00,SPX,2025-06-02,5912.43,RANGE,ADJUSTED,-0.3299853156790391,-337.5555056148148,-66.9204902258025,-336.2675056148148,-66.69649022580248,-402.96399584061726,-404.4759958406173,110.224,True,4
2025-06-02T17:30:00+00:00,SPX,2025-06-02,5910.18,RANGE,ADJUSTED,0.2696338183950502,-337.5555056148148,-66.65085640740743,-336.2675056148148,-66.42685640740743,-402.6943620222222,-404.20636202222227,110.224,True,4
2025-06-02T18:00:00+00:00,SPX,2025-06-02,5909.81,RANGE,ADJUSTED,0.13392067197531787,-337.5555056148148,-66.51693573543213,-336.2675056148148,-66.29293573543212,-402.56044135024695,-404.07244135024695,110.224,True,4
2025-06-02T18:30:00+00:00,SPX,2025-06-02,5924.64,RANGE,ADJUSTED,-0.9880323159259206,-337.5555056148148,-67.50496805135805,-336.2675056148148,-67.28096805135804,-403.54847366617287,-405.06047366617287,110.224,True,4
2025-06-02T19:00:00+00:00,SPX,2025-06-02,5931.47,RANGE,ADJUSTED,-0.4078632297531044,-337.5555056148148,-67.91283128111114,-336.2675056148148,-67.68883128111113,-403.9563368959259,-405.468336895926,110.224,True,4
2025-06-02T19:30:00+00:00,SPX,2025-06-02,5930.27,RANGE,ADJUSTED,0.18620846308641603,-337.5555056148148,-67.72662281802472,-336.2675056148148,-67.50262281802472,-403.77012843283956,-405.28212843283956,110.224,True,4
2025-06-02T20:00:00+00:00,SPX,2025-06-02,5937.4,RANGE,ADJUSTED,-0.43982173753079223,-337.5555056148148,-68.16644455555553,-336.2675056148148,-67.94244455555553,-404.20995017037035,-405.72195017037035,110.224,True,4
2025-06-03T13:30:00+00:00,SPX,2025-06-02,5933.43,RANGE,ADJUSTED,3.640957643209788,-337.5555056148148,-64.52548691234571,-336.2675056148148,-64.3014869123457,-400.5689925271605,-402.08099252716056,110.224,True,4
2025-06-03T14:00:00+00:00,SPX,2025-06-02,5939.43,RANGE,ADJUSTED,-0.46120027419749476,-337.5555056148148,-64.98668718654324,-336.2675056148148,-64.76268718654323,-401.03019280135806,-402.54219280135806,110.224,True,4
2025-06-03T14:30:00+00:00,SPX,2025-06-02,5944.23,RANGE,ADJUSTED,-0.3551091038270897,-337.5555056148148,-65.34179629037034,-336.2675056148148,-65.11779629037034,-401.38530190518514,-402.89730190518515,110.224,True,4
2025-06-03T15:00:00+00:00,SPX,2025-06-02,5956.22,RANGE,ADJUSTED,-1.0338545691358831,-337.5555056148148,-66.3756508595062,-336.2675056148148,-66.15165085950619,-402.41915647432097,-403.931156474321,110.224,True,4
2025-06-03T15:30:00+00:00,SPX,2025-06-02,5960.96,RANGE,ADJUSTED,-0.36227414395057167,-337.5555056148148,-66.7379250034568,-336.2675056148148,-66.51392500345679,-402.7814306182716,-404.2934306182716,110.224,True,4
2025-06-03T16:00:00+00:00,SPX,2025-06-02,5965.64,RANGE,ADJUSTED,-0.36119574469137206,-337.5555056148148,-67.09912074814818,-336.2675056148148,-66.87512074814818,-403.142626362963,-404.654626362963,110.224,True,4
2025-06-03T16:30:00+00:00,SPX,2025-06-02,5974.28,RANGE,ADJUSTED,-0.7427742069135661,-337.5555056148148,-67.8418949550617,-336.2675056148148,-67.6178949550617,-403.88540056987654,-405.39740056987654,110.224,True,4
2025-06-03T17:00:00+00:00,SPX,2025-06-02,5974.98,RANGE,ADJUSTED,0.008656340000015916,-337.5555056148148,-67.83323861506169,-336.2675056148148,-67.60923861506168,-403.8767442298765,-405.3887442298765,110.224,True,4
2025-06-03T17:30:00+00:00,SPX,2025-06-02,5978.3,RANGE,ADJUSTED,-0.24401940716052195,-337.5555056148148,-68.07725802222224,-336.2675056148148,-67.85325802222224,-404.12076363703704,-405.63276363703704,110.224,True,4
2025-06-03T18:00:00+00:00,SPX,2025-06-02,5968.3,RANGE,ADJUSTED,1.0403638259259083,-337.5555056148148,-67.03689419629632,-336.2675056148148,-66.81289419629631,-403.08039981111114,-404.59239981111114,110.224,True,4
2025-06-03T18:30:00+00:00,SPX,2025-06-02,5973.26,RANGE,ADJUSTED,-0.40333103827163086,-337.5555056148148,-67.44022523456793,-336.2675056148148,-67.21622523456793,-403.4837308493827,-404.99573084938277,110.224,True,4
2025-06-03T19:00:00+00:00,SPX,2025-06-02,5972.83,RANGE,ADJUSTED,0.11812358012349478,-337.5555056148148,-67.32210165444444,-336.2675056148148,-67.09810165444443,-403.36560726925927,-404.8776072692593,110.224,True,4
2025-06-03T19:30:00+00:00,SPX,2025-06-02,5972.71,RANGE,ADJUSTED,0.08812270703703007,-337.5555056148148,-67.23397894740742,-336.2675056148148,-67.0099789474074,-403.2774845622222,-404.78948456222224,110.224,True,4
2025-06-03T20:00:00+00:00,SPX,2025-06-02,5970.53,RANGE,ADJUSTED,0.2913766791358512,-337.5555056148148,-66.94260226827159,-336.2675056148148,-66.71860226827158,-402.9861078830864,-404.4981078830864,110.224,True,4
2025-06-04T13:30:00+00:00,SPX,2025-06-02,5985.92,RANGE,ADJUSTED,0.9320041309875933,-337.5555056148148,-66.01059813728396,-336.2675056148148,-65.78659813728396,-402.05410375209874,-403.5661037520988,110.224,True,4
2025-06-04T14:00:00+00:00,SPX,2025-06-02,5976.52,RANGE,ADJUSTED,1.161309703209838,-337.5555056148148,-64.84928843407413,-336.2675056148148,-64.62528843407412,-400.89279404888896,-402.40479404888896,110.224,True,4
2025-06-04T14:30:00+00:00,SPX,2025-06-02,5985.71,RANGE,ADJUSTED,-0.9968489585184557,-337.5555056148148,-65.8461373925926,-336.2675056148148,-65.62213739259259,-401.8896430074074,-403.4016430074074,110.224,True,4
2025-06-04T15:00:00+00:00,SPX,2025-06-02,5986.14,RANGE,ADJUSTED,0.019751222469096774,-337.5555056148148,-65.8263861701235,-336.2675056148148,-65.6023861701235,-401.8698917849383,-403.3818917849383,110.224,True,4
2025-06-04T15:30:00+00:00,SPX,2025-06-02,5980.6,RANGE,ADJUSTED,0.7211382145679295,-337.5555056148148,-65.1052479555556,-336.2675056148148,-64.8812479555556,-401.1487535703704,-402.6607535703704,110.224,True,4
2025-06-04T16:00:00+00:00,SPX,2025-06-02,5976.61,RANGE,ADJUSTED,0.543556945555622,-337.5555056148148,-64.56169100999996,-336.2675056148148,-64.33769100999996,-400.60519662481477,-402.11719662481477,110.224,True,4
2025-06-04T16:30:00+00:00,SPX,2025-06-02,5971.56,RANGE,ADJUSTED,0.673071725061618,-337.5555056148148,-63.888619284938315,-336.2675056148148,-63.66461928493831,-399.93212489975315,-401.44412489975315,110.224,True,4
2025-06-04T17:00:00+00:00,SPX,2025-06-02,5981.49,RANGE,ADJUSTED,-1.10482975641969,-337.5555056148148,-64.993449041358,-336.2675056148148,-64.769449041358,-401.03695465617284,-402.54895465617284,110.224,True,4
2025-06-04T17:30:00+00:00,SPX,2025-06-02,5983.59,RANGE,ADJUSTED,-0.1788053979012716,-337.5555056148148,-65.17225443925928,-336.2675056148148,-64.94825443925927,-401.21576005407405,-402.7277600540741,110.224,True,4
2025-06-04T18:00:00+00:00,SPX,2025-06-02,5988.07,RANGE,ADJUSTED,-0.46640767962958307,-337.5555056148148,-65.63866211888886,-336.2675056148148,-65.41466211888886,-401.68216773370364,-403.1941677337037,110.224,True,4
2025-06-04T18:30:00+00:00,SPX,2025-06-02,5984.1,RANGE,ADJUSTED,0.5472099016049015,-337.5555056148148,-65.091452217284,-336.2675056148148,-64.867452217284,-401.1349578320988,-402.6469578320988,110.224,True,4
2025-06-04T19:00:00+00:00,SPX,2025-06-02,5982.01,RANGE,ADJUSTED,0.3236703650617301,-337.5555056148148,-64.76778185222226,-336.2675056148148,-64.54378185222225,-400.81128746703706,-402.32328746703706,110.224,True,4
2025-06-04T19:30:00+00:00,SPX,2025-06-02,5979.76,RANGE,ADJUSTED,0.34513148185180853,-337.5555056148148,-64.4226503703704,-336.2675056148148,-64.19865037037039,-400.4661559851852,-401.97815598518525,110.224,True,4
2025-06-04T20:00:00+00:00,SPX,2025-06-02,5971.16,RANGE,ADJUSTED,1.121554660247,-337.5555056148148,-63.30109571012345,-336.2675056148148,-63.077095710123444,-399.34460132493825,-400.85660132493825,110.224,True,4
2025-06-05T13:30:00+00:00,SPX,2025-06-02,5974.82,RANGE,ADJUSTED,2.1920845195061816,-337.5555056148148,-61.10901119061725,-336.2675056148148,-60.88501119061724,-397.15251680543207,-398.6645168054321,110.224,True,4
2025-06-05T14:00:00+00:00,SPX,2025-06-02,5956.09,RANGE,ADJUSTED,2.6866180176542684,-337.5555056148148,-58.422393172962984,-336.2675056148148,-58.19839317296298,-394.4658987877778,-395.9778987877778,110.224,True,4
2025-06-05T14:30:00+00:00,SPX,2025-06-02,5960.41,RANGE,ADJUSTED,-0.519890453703681,-337.5555056148148,-58.94228362666665,-336.2675056148148,-58.71828362666665,-394.9857892414815,-396.4977892414815,110.224,True,4
2025-06-05T15:00:00+00:00,SPX,2025-06-02,5985.55,RANGE,ADJUSTED,-3.4469283566667173,-337.5555056148148,-62.38921198333337,-336.2675056148148,-62.16521198333336,-398.43271759814814,-399.9447175981482,110.224,True,4
2025-06-05T15:30:00+00:00,SPX,2025-06-02,5995.83,RANGE,ADJUSTED,-1.3779950895061006,-337.5555056148148,-63.7672070728395,-336.2675056148148,-63.54320707283949,-399.8107126876543,-401.3227126876543,110.224,True,4
2025-06-05T16:00:00+00:00,SPX,2025-06-02,5999.05,RANGE,ADJUSTED,-0.3899967771605475,-337.5555056148148,-64.15720385000003,-336.2675056148148,-63.93320385000003,-400.20070946481485,-401.71270946481485,110.224,True,4
2025-06-05T16:30:00+00:00,SPX,2025-06-02,5987.02,RANGE,ADJUSTED,1.7699883625925281,-337.5555056148148,-62.387215487407474,-336.2675056148148,-62.16321548740746,-398.43072110222226,-399.9427211022223,110.224,True,4
2025-06-05T17:00:00+00:00,SPX,2025-06-02,5960.02,RANGE,ADJUSTED,3.91234507481488,-337.5555056148148,-58.47487041259265,-336.2675056148148,-58.25087041259265,-394.51837602740744,-396.03037602740744,110.224,True,4
2025-06-05T17:30:00+00:00,SPX,2025-06-02,5977.29,RANGE,ADJUSTED,-2.383845281481456,-337.5555056148148,-60.858715694074064,-336.2675056148148,-60.63471569407406,-396.9022213088889,-398.4142213088889,110.224,True,4
2025-06-05T18:00:00+00:00,SPX,2025-06-02,5962.15,RANGE,ADJUSTED,2.2437553885185366,-337.5555056148148,-58.61496030555551,-336.2675056148148,-58.3909603055555,-394.6584659203703,-396.17046592037036,110.224,True,4
2025-06-05T18:30:00+00:00,SPX,2025-06-02,5966.35,RANGE,ADJUSTED,-0.5223678574074597,-337.5555056148148,-59.137328162963016,-336.2675056148148,-58.91332816296301,-395.1808337777778,-396.6928337777778,110.224,True,4
2025-06-05T19:00:00+00:00,SPX,2025-06-02,5959.22,RANGE,ADJUSTED,1.1081572496296417,-337.5555056148148,-58.029170913333374,-336.2675056148148,-57.80517091333336,-394.0726765281482,-395.5846765281482,110.224,True,4
2025-06-05T19:30:00+00:00,SPX,2025-06-02,5941.21,RANGE,ADJUSTED,2.6900523792592708,-337.5555056148148,-55.339118534074075,-336.2675056148148,-55.11511853407407,-391.3826241488889,-392.8946241488889,110.224,True,4
2025-06-05T20:00:00+00:00,SPX,2025-06-02,5939.68,RANGE,ADJUSTED,0.3139307681481114,-337.5555056148148,-55.02518776592596,-336.2675056148148,-54.80118776592596,-391.0686933807408,-392.5806933807408,110.224,True,4
2025-06-06T13:30:00+00:00,SPX,2025-06-02,5998.73,TREND_UP,ABORTED,-6.400825191357853,-398.98151857209865,0.0,-397.41351857209867,0.0,-397.41351857209867,-398.98151857209865,0.0,False,0
2025-06-06T14:00:00+00:00,SPX,2025-06-02,6006.46,TREND_UP,ABORTED,0.0,-398.98151857209865,0.0,-397.41351857209867,0.0,-397.41351857209867,-398.98151857209865,0.0,False,0
2025-06-06T14:30:00+00:00,SPX,2025-06-02,6000.54,TREND_UP,ABORTED,0.0,-398.98151857209865,0.0,-397.41351857209867,0.0,-397.41351857209867,-398.98151857209865,0.0,False,0
2025-06-06T15:00:00+00:00,SPX,2025-06-02,6005.71,TREND_UP,ABORTED,0.0,-398.98151857209865,0.0,-397.41351857209867,0.0,-397.41351857209867,-398.98151857209865,0.0,False,0
2025-06-06T15:30:00+00:00,SPX,2025-06-02,5993.33,RANGE,ABORTED,0.0,-398.98151857209865,0.0,-397.41351857209867,0.0,-397.41351857209867,-398.98151857209865,0.0,False,0
2025-06-06T16:00:00+00:00,SPX,2025-06-02,5997.92,RANGE,ABORTED,0.0,-398.98151857209865,0.0,-397.41351857209867,0.0,-397.41351857209867,-398.98151857209865,0.0,False,0
2025-06-06T16:30:00+00:00,SPX,2025-06-02,5996.22,RANGE,ABORTED,0.0,-398.98151857209865,0.0,-397.41351857209867,0.0,-397.41351857209867,-398.98151857209865,0.0,False,0
2025-06-06T17:00:00+00:00,SPX,2025-06-02,5985.13,RANGE,ABORTED,0.0,-398.98151857209865,0.0,-397.41351857209867,0.0,-397.41351857209867,-398.98151857209865,0.0,False,0
2025-06-06T17:30:00+00:00,SPX,2025-06-02,5994.11,RANGE,ABORTED,0.0,-398.98151857209865,0.0,-397.41351857209867,0.0,-397.41351857209867,-398.98151857209865,0.0,False,0
2025-06-06T18:00:00+00:00,SPX,2025-06-02,6005.99,TREND_UP,ABORTED,0.0,-398.98151857209865,0.0,-397.41351857209867,0.0,-397.41351857209867,-398.98151857209865,0.0,False,0
2025-06-06T18:30:00+00:00,SPX,2025-06-02,6011.5,RANGE,ABORTED,0.0,-398.98151857209865,0.0,-397.41351857209867,0.0,-397.41351857209867,-398.98151857209865,0.0,False,0
2025-06-06T19:00:00+00:00,SPX,2025-06-02,6007.71,RANGE,ABORTED,0.0,-398.98151857209865,0.0,-397.41351857209867,0.0,-397.41351857209867,-398.98151857209865,0.0,False,0
2025-06-06T19:30:00+00:00,SPX,2025-06-02,6002.52,RANGE,ABORTED,0.0,-398.98151857209865,0.0,-397.41351857209867,0.0,-397.41351857209867,-398.98151857209865,0.0,False,0
2025-06-06T20:00:00+00:00,SPX,2025-06-02,5999.66,RANGE,ABORTED,0.0,-398.98151857209865,0.0,-397.41351857209867,0.0,-397.41351857209867,-398.98151857209865,0.0,False,0
2025-06-09T13:30:00+00:00,SPX,2025-06-09,5995.51,RANGE,IDLE,0.0,-398.98151857209865,0.0,-397.41351857209867,0.0,-397.41351857209867,-398.98151857209865,0.0,False,0
2025-06-09T14:00:00+00:00,SPX,2025-06-09,5999.47,RANGE,ACTIVE,-82.668,-398.98151857209865,-82.668,-397.41351857209867,-82.5,-479.91351857209867,-481.64951857209866,82.668,False,3
2025-06-09T14:30:00+00:00,SPX,2025-06-09,6010.23,RANGE,ADJUSTED,15.722711448888901,-398.98151857209865,-66.94528855111108,-397.41351857209867,-66.72128855111107,-464.1348071232097,-465.92680712320976,110.224,True,4
2025-06-09T15:00:00+00:00,SPX,2025-06-09,6005.68,RANGE,ADJUSTED,-0.17889769333334016,-398.98151857209865,-67.12418624444443,-397.41351857209867,-66.90018624444443,-464.3137048165431,-466.1057048165431,110.224,True,4
2025-06-09T15:30:00+00:00,SPX,2025-06-09,6003.27,RANGE,ADJUSTED,-0.0637227093827164,-398.98151857209865,-67.18790895382713,-397.41351857209867,-66.96390895382713,-464.3774275259258,-466.1694275259258,110.224,True,4
2025-06-09T16:00:00+00:00,SPX,2025-06-09,6007.83,RANGE,ADJUSTED,0.43164630530861814,-398.98151857209865,-66.75626264851853,-397.41351857209867,-66.53226264851853,-463.94578122061716,-465.7377812206172,110.224,True,4
2025-06-09T16:30:00+00:00,SPX,2025-06-09,6009.84,RANGE,ADJUSTED,0.2527486119753348,-398.98151857209865,-66.5035140365432,-397.41351857209867,-66.27951403654319,-463.69303260864183,-465.48503260864186,110.224,True,4
2025-06-09T17:00:00+00:00,SPX,2025-06-09,6017.16,RANGE,ADJUSTED,-0.3974338459258888,-398.98151857209865,-66.90094788246913,-397.41351857209867,-66.67694788246912,-464.0904664545678,-465.88246645456775,110.224,True,4
2025-06-09T17:30:00+00:00,SPX,2025-06-09,6015.49,RANGE,ADJUSTED,0.22750338246908086,-398.98151857209865,-66.67344449999999,-397.41351857209867,-66.44944449999998,-463.86296307209864,-465.65496307209867,110.224,True,4
2025-06-09T18:00:00+00:00,SPX,2025-06-09,6017.55,RANGE,ADJUSTED,-0.04447182530861937,-398.98151857209865,-66.71791632530866,-397.41351857209867,-66.49391632530865,-463.9074348974073,-465.6994348974073,110.224,True,4
2025-06-09T18:30:00+00:00,SPX,2025-06-09,6019.06,RANGE,ADJUSTED,-0.005863188765488303,-398.98151857209865,-66.72377951407411,-397.41351857209867,-66.4997795140741,-463.91329808617274,-465.7052980861728,110.224,True,4
2025-06-09T19:00:00+00:00,SPX,2025-06-09,6019.27,RANGE,ADJUSTED,0.08928854407406561,-398.98151857209865,-66.63449097000003,-397.41351857209867,-66.41049097000003,-463.8240095420987,-465.6160095420987,110.224,True,4
2025-06-09T19:30:00+00:00,SPX,2025-06-09,6013.03,RANGE,ADJUSTED,0.5715953262963467,-398.98151857209865,-66.06289564370368,-397.41351857209867,-65.83889564370368,-463.25241421580233,-465.04441421580236,110.224,True,4
2025-06-09T20:00:00+00:00,SPX,2025-06-09,6004.2,RANGE,ADJUSTED,-0.10073803530866599,-398.98151857209865,-66.16363367901236,-397.41351857209867,-65.93963367901236,-463.35315225111106,-465.145152251111,110.224,True,4
2025-06-10T13:30:00+00:00,SPX,2025-06-09,6013.64,RANGE,ADJUSTED,3.9261505283950555,-398.98151857209865,-62.23748315061731,-397.41351857209867,-62.013483150617304,-459.427001722716,-461.219001722716,110.224,True,4
2025-06-10T14:00:00+00:00,SPX,2025-06-09,6016.53,RANGE,ADJUSTED,-0.16060862481475624,-398.98151857209865,-62.39809177543208,-397.41351857209867,-62.174091775432075,-459.58761034753076,-461.37961034753073,110.224,True,4
2025-06-10T14:30:00+00:00,SPX,2025-06-09,6020.12,RANGE,ADJUSTED,-0.228703223086427,-398.98151857209865,-62.62679499851852,-397.41351857209867,-62.40279499851851,-459.8163135706172,-461.60831357061716,110.224,True,4
2025-06-10T15:00:00+00:00,SPX,2025-06-09,6022.51,RANGE,ADJUSTED,-0.11968774481488254,-398.98151857209865,-62.74648274333336,-397.41351857209867,-62.522482743333356,-459.936001315432,-461.72800131543204,110.224,True,4
2025-06-10T15:30:00+00:00,SPX,2025-06-09,6008.31,RANGE,ADJUSTED,1.1228807998766115,-398.98151857209865,-61.62360194345676,-397.41351857209867,-61.39960194345675,-458.8131205155554,-460.6051205155554,110.224,True,4
2025-06-10T16:00:00+00:00,SPX,2025-06-09,6025.1,RANGE,ADJUSTED,-1.1617760380247546,-398.98151857209865,-62.78537798148152,-397.41351857209867,-62.56137798148151,-459.97489655358015,-461.7668965535802,110.224,True,4
2025-06-10T16:30:00+00:00,SPX,2025-06-09,6028.42,RANGE,ADJUSTED,-0.21413511777774374,-398.98151857209865,-62.99951309925926,-397.41351857209867,-62.77551309925926,-460.18903167135795,-461.9810316713579,110.224,True,4
2025-06-10T17:00:00+00:00,SPX,2025-06-09,6027.53,RANGE,ADJUSTED,0.18551867617287598,-398.98151857209865,-62.8139944230864,-397.41351857209867,-62.589994423086395,-460.0035129951851,-461.79551299518505,110.224,True,4
2025-06-10T17:30:00+00:00,SPX,2025-06-09,6027.23,RANGE,ADJUSTED,0.12963622086419946,-398.98151857209865,-62.684358202222185,-397.41351857209867,-62.460358202222174,-459.8738767743208,-461.66587677432085,110.224,True,4
2025-06-10T18:00:00+00:00,SPX,2025-06-09,6015.61,RANGE,ADJUSTED,1.22420175370371,-398.98151857209865,-61.46015644851849,-397.41351857209867,-61.236156448518486,-458.64967502061717,-460.44167502061714,110.224,True,4
2025-06-10T18:30:00+00:00,SPX,2025-06-09,6019.55,RANGE,ADJUSTED,-0.2762110823457533,-398.98151857209865,-61.736367530864214,-397.41351857209867,-61.51236753086421,-458.92588610296286,-460.7178861029629,110.224,True,4
2025-06-10T19:00:00+00:00,SPX,2025-06-09,6037.79,RANGE,ADJUSTED,-1.6762744954320397,-398.98151857209865,-63.4126420262963,-397.41351857209867,-63.18864202629629,-460.60216059839496,-462.39416059839493,110.224,True,4
2025-06-10T19:30:00+00:00,SPX,2025-06-09,6033.17,RANGE,ADJUSTED,0.5491335327160414,-398.98151857209865,-62.863508493580255,-397.41351857209867,-62.63950849358025,-460.0530270656789,-461.8450270656789,110.224,True,4
2025-06-10T20:00:00+00:00,SPX,2025-06-09,6039.83,RANGE,ADJUSTED,-0.5587031117283914,-398.98151857209865,-63.42221160530863,-397.41351857209867,-63.19821160530863,-460.6117301774073,-462.4037301774073,110.224,True,4
2025-06-11T13:30:00+00:00,SPX,2025-06-09,6040.17,RANGE,ADJUSTED,3.278931239629628,-398.98151857209865,-60.14328036567902,-397.41351857209867,-59.919280365679015,-457.3327989377777,-459.12479893777765,110.224,True,4
2025-06-11T14:00:00+00:00,SPX,2025-06-09,6044.66,RANGE,ADJUSTED,-0.42663806370370594,-398.98151857209865,-60.569918429382696,-397.41351857209867,-60.34591842938269,-457.7594370014814,-459.55143700148136,110.224,True,4
2025-06-11T14:30:00+00:00,SPX,2025-06-09,6056.74,RANGE,ADJUSTED,-1.3158705483950257,-398.98151857209865,-61.88578897777775,-397.41351857209867,-61.661788977777746,-459.0753075498764,-460.8673075498764,110.224,True,4
2025-06-11T15:00:00+00:00,SPX,2025-06-09,6058.66,RANGE,ADJUSTED,-0.1381808348148752,-398.98151857209865,-62.02396981259258,-397.41351857209867,-61.79996981259257,-459.21348838469123,-461.00548838469126,110.224,True,4
2025-06-11T15:30:00+00:00,SPX,2025-06-09,6050.67,RANGE,ADJUSTED,1.0249262004938373,-398.98151857209865,-60.999043612098774,-397.41351857209867,-60.77504361209877,-458.18856218419745,-459.9805621841974,110.224,True,4
2025-06-11T16:00:00+00:00,SPX,2025-06-09,6042.32,RANGE,ADJUSTED,1.0751834920988017,-398.98151857209865,-59.92386011999997,-397.41351857209867,-59.69986011999996,-457.11337869209865,-458.9053786920986,110.224,True,4
2025-06-11T16:30:00+00:00,SPX,2025-06-09,6041.86,RANGE,ADJUSTED,0.14811959555555632,-398.98151857209865,-59.7757405244444,-397.41351857209867,-59.5517405244444,-456.96525909654304,-458.75725909654307,110.224,True,4
2025-06-11T17:00:00+00:00,SPX,2025-06-09,6049.5,RANGE,ADJUSTED,-0.8154350002469641,-398.98151857209865,-60.591175524691366,-397.41351857209867,-60.367175524691355,-457.78069409679,-459.57269409679003,110.224,True,4
2025-06-11T17:30:00+00:00,SPX,2025-06-09,6049.13,RANGE,ADJUSTED,0.13432385728395957,-398.98151857209865,-60.45685166740742,-397.41351857209867,-60.23285166740742,-457.6463702395061,-459.43837023950607,110.224,True,4
2025-06-11T18:00:00+00:00,SPX,2025-06-09,6019.14,RANGE,ADJUSTED,3.688611232098765,-398.98151857209865,-56.768240435308684,-397.41351857209867,-56.54424043530868,-453.95775900740733,-455.7497590074073,110.224,True,4
2025-06-11T18:30:00+00:00,SPX,2025-06-09,6021.35,RANGE,ADJUSTED,-0.16138099185189958,-398.98151857209865,-56.92962142716054,-397.41351857209867,-56.70562142716054,-454.11913999925923,-455.9111399992592,110.224,True,4
2025-06-11T19:00:00+00:00,SPX,2025-06-09,6013.77,RANGE,ADJUSTED,1.0206271764197368,-398.98151857209865,-55.908994250740804,-397.41351857209867,-55.68499425074079,-453.09851282283944,-454.89051282283947,110.224,True,4
2025-06-11T19:30:00+00:00,SPX,2025-06-09,6007.26,RANGE,ADJUSTED,0.2325504853087068,-398.98151857209865,-55.67644376543208,-397.41351857209867,-55.45244376543207,-452.86596233753073,-454.65796233753076,110.224,True,4
2025-06-11T20:00:00+00:00,SPX,2025-06-09,6023.72,RANGE,ADJUSTED,-1.2307935906172816,-398.98151857209865,-56.90723735604942,-397.41351857209867,-56.68323735604942,-454.09675592814807,-455.88875592814804,110.224,True,4
2025-06-12T13:30:00+00:00,SPX,2025-06-09,6006.13,RANGE,ADJUSTED,4.960588016049428,-398.98151857209865,-51.94664933999998,-397.41351857209867,-51.722649339999975,-449.13616791209864,-450.9281679120986,110.224,True,4
2025-06-12T14:00:00+00:00,SPX,2025-06-09,6017.72,RANGE,ADJUSTED,-0.429329204197586,-398.98151857209865,-52.375978544197565,-397.41351857209867,-52.15197854419756,-449.5654971162962,-451.3574971162962,110.224,True,4
2025-06-12T14:30:00+00:00,SPX,2025-06-09,6035.15,RANGE,ADJUSTED,-2.3329176335801662,-398.98151857209865,-54.70889617777773,-397.41351857209867,-54.48489617777773,-451.8984147498764,-453.69041474987637,110.224,True,4
2025-06-12T15:00:00+00:00,SPX,2025-06-09,6044.01,RANGE,ADJUSTED,-1.1467415979013253,-398.98151857209865,-55.85563777567906,-397.41351857209867,-55.631637775679046,-453.0451563477777,-454.8371563477777,110.224,True,4
2025-06-12T15:30:00+00:00,SPX,2025-06-09,6031.59,RANGE,ADJUSTED,1.8424062732098605,-398.98151857209865,-54.013231502469154,-397.41351857209867,-53.78923150246915,-451.2027500745678,-452.99475007456783,110.224,True,4
2025-06-12T16:00:00+00:00,SPX,2025-06-09,6030.33,RANGE,ADJUSTED,0.27692029987656497,-398.98151857209865,-53.73631120259259,-397.41351857209867,-53.512311202592585,-450.92582977469124,-452.71782977469127,110.224,True,4
2025-06-12T16:30:00+00:00,SPX,2025-06-09,6036.81,RANGE,ADJUSTED,-0.819724309012372,-398.98151857209865,-54.55603551160499,-397.41351857209867,-54.332035511604985,-451.74555408370367,-453.53755408370364,110.224,True,4
2025-06-12T17:00:00+00:00,SPX,2025-06-09,6036.81,RANGE,ADJUSTED,0.09627385098764307,-398.98151857209865,-54.459761660617346,-397.41351857209867,-54.23576166061734,-451.649280232716,-453.441280232716,110.224,True,4
2025-06-12T17:30:00+00:00,SPX,2025-06-09,6043.86,RANGE,ADJUSTED,-0.9105721601233654,-398.98151857209865,-55.3703338207407,-397.41351857209867,-55.14633382074069,-452.5598523928394,-454.35185239283936,110.224,True,4
2025-06-12T18:00:00+00:00,SPX,2025-06-09,6040.55,RANGE,ADJUSTED,0.5671748608641565,-398.98151857209865,-54.80315895987657,-397.41351857209867,-54.579158959876565,-451.99267753197523,-453.7846775319752,110.224,True,4
2025-06-12T18:30:00+00:00,SPX,2025-06-09,6036.95,RANGE,ADJUSTED,0.6120887327160744,-398.98151857209865,-54.191070227160466,-397.41351857209867,-53.96707022716046,-451.38058879925916,-453.17258879925913,110.224,True,4
2025-06-12T19:00:00+00:00,SPX,2025-06-09,6042.44,RANGE,ADJUSTED,-0.695849266172786,-398.98151857209865,-54.88691949333328,-397.41351857209867,-54.66291949333327,-452.07643806543194,-453.8684380654319,110.224,True,4
2025-06-12T19:30:00+00:00,SPX,2025-06-09,6040.73,RANGE,ADJUSTED,0.3410753404938305,-398.98151857209865,-54.54584415283945,-397.41351857209867,-54.32184415283944,-451.7353627249381,-453.5273627249381,110.224,True,4
2025-06-12T20:00:00+00:00,SPX,2025-06-09,6045.2,RANGE,ADJUSTED,-0.5548704224691505,-398.98151857209865,-55.100714575308615,-397.41351857209867,-54.87671457530861,-452.29023314740726,-454.08223314740724,110.224,True,4
2025-06-13T13:30:00+00:00,SPX,2025-06-09,6005.27,RANGE,EXITED,8.11456485259265,-445.9676682948146,0.0,-444.11966829481463,0.0,-444.11966829481463,-445.9676682948146,0.0,False,0
2025-06-13T14:00:00+00:00,SPX,2025-06-09,5992.48,RANGE,EXITED,0.0,-445.9676682948146,0.0,-444.11966829481463,0.0,-444.11966829481463,-445.9676682948146,0.0,False,0
2025-06-13T14:30:00+00:00,SPX,2025-06-09,5982.36,RANGE,EXITED,0.0,-445.9676682948146,0.0,-444.11966829481463,0.0,-444.11966829481463,-445.9676682948146,0.0,False,0
2025-06-13T15:00:00+00:00,SPX,2025-06-09,6001.12,RANGE,EXITED,0.0,-445.9676682948146,0.0,-444.11966829481463,0.0,-444.11966829481463,-445.9676682948146,0.0,False,0
2025-06-13T15:30:00+00:00,SPX,2025-06-09,6015.0,RANGE,EXITED,0.0,-445.9676682948146,0.0,-444.11966829481463,0.0,-444.11966829481463,-445.9676682948146,0.0,False,0
2025-06-13T16:00:00+00:00,SPX,2025-06-09,6018.6,RANGE,EXITED,0.0,-445.9676682948146,0.0,-444.11966829481463,0.0,-444.11966829481463,-445.9676682948146,0.0,False,0
2025-06-13T16:30:00+00:00,SPX,2025-06-09,6019.87,RANGE,EXITED,0.0,-445.9676682948146,0.0,-444.11966829481463,0.0,-444.11966829481463,-445.9676682948146,0.0,False,0
2025-06-13T17:00:00+00:00,SPX,2025-06-09,6015.99,RANGE,EXITED,0.0,-445.9676682948146,0.0,-444.11966829481463,0.0,-444.11966829481463,-445.9676682948146,0.0,False,0
2025-06-13T17:30:00+00:00,SPX,2025-06-09,6003.57,RANGE,EXITED,0.0,-445.9676682948146,0.0,-444.11966829481463,0.0,-444.11966829481463,-445.9676682948146,0.0,False,0
2025-06-13T18:00:00+00:00,SPX,2025-06-09,5999.81,RANGE,EXITED,0.0,-445.9676682948146,0.0,-444.11966829481463,0.0,-444.11966829481463,-445.9676682948146,0.0,False,0
2025-06-13T18:30:00+00:00,SPX,2025-06-09,5973.37,RANGE,EXITED,0.0,-445.9676682948146,0.0,-444.11966829481463,0.0,-444.11966829481463,-445.9676682948146,0.0,False,0
2025-06-13T19:00:00+00:00,SPX,2025-06-09,5976.27,RANGE,EXITED,0.0,-445.9676682948146,0.0,-444.11966829481463,0.0,-444.11966829481463,-445.9676682948146,0.0,False,0
2025-06-13T19:30:00+00:00,SPX,2025-06-09,5969.85,RANGE,EXITED,0.0,-445.9676682948146,0.0,-444.11966829481463,0.0,-444.11966829481463,-445.9676682948146,0.0,False,0
2025-06-13T20:00:00+00:00,SPX,2025-06-09,5977.48,RANGE,EXITED,0.0,-445.9676682948146,0.0,-444.11966829481463,0.0,-444.11966829481463,-445.9676682948146,0.0,False,0
2025-06-16T13:30:00+00:00,SPX,2025-06-16,6021.49,RANGE,IDLE,0.0,-445.9676682948146,0.0,-444.11966829481463,0.0,-444.11966829481463,-445.9676682948146,0.0,False,0
2025-06-16T14:00:00+00:00,SPX,2025-06-16,6040.39,RANGE,ACTIVE,-82.66800000000006,-445.9676682948146,-82.668,-444.11966829481463,-82.5,-526.6196682948146,-528.6356682948146,82.668,False,3
2025-06-16T14:30:00+00:00,SPX,2025-06-16,6050.29,RANGE,ADJUSTED,15.718514435555562,-445.9676682948146,-66.94948556444444,-444.11966829481463,-66.72548556444444,-510.8451538592591,-512.9171538592591,110.224,True,4
2025-06-16T15:00:00+00:00,SPX,2025-06-16,6044.47,RANGE,ADJUSTED,-0.2599282250616852,-445.9676682948146,-67.20941378950616,-444.11966829481463,-66.98541378950615,-511.10508208432077,-513.1770820843208,110.224,True,4
2025-06-16T15:30:00+00:00,SPX,2025-06-16,6040.83,RANGE,ADJUSTED,-0.151544241851866,-445.9676682948146,-67.36095803135804,-444.11966829481463,-67.13695803135803,-511.25662632617264,-513.3286263261726,110.224,True,4
2025-06-16T16:00:00+00:00,SPX,2025-06-16,6036.92,RANGE,ADJUSTED,-0.17436064419746344,-445.9676682948146,-67.53531867555556,-444.11966829481463,-67.31131867555555,-511.4309869703702,-513.5029869703701,110.224,True,4
2025-06-16T16:30:00+00:00,SPX,2025-06-16,6037.25,RANGE,ADJUSTED,0.12666819407399998,-445.9676682948146,-67.40865048148149,-444.11966829481463,-67.18465048148148,-511.3043187762961,-513.3763187762961,110.224,True,4
2025-06-16T17:00:00+00:00,SPX,2025-06-16,6033.2,RANGE,ADJUSTED,-0.19003143703707792,-445.9676682948146,-67.59868191851854,-444.11966829481463,-67.37468191851853,-511.4943502133332,-513.5663502133332,110.224,True,4
2025-06-16T17:30:00+00:00,SPX,2025-06-16,6041.17,RANGE,ADJUSTED,0.6818689370370521,-445.9676682948146,-66.91681298148148,-444.11966829481463,-66.69281298148147,-510.8124812762961,-512.8844812762961,110.224,True,4
2025-06-16T18:00:00+00:00,SPX,2025-06-16,6032.94,RANGE,ADJUSTED,-0.4986673619753219,-445.9676682948146,-67.41548034345682,-444.11966829481463,-67.19148034345682,-511.31114863827145,-513.3831486382715,110.224,True,4
2025-06-16T18:30:00+00:00,SPX,2025-06-16,6030.64,RANGE,ADJUSTED,-0.06881353111100452,-445.9676682948146,-67.48429387456788,-444.11966829481463,-67.26029387456788,-511.3799621693825,-513.4519621693825,110.224,True,4
2025-06-16T19:00:00+00:00,SPX,2025-06-16,6029.24,RANGE,ADJUSTED,-0.004158152098852952,-445.9676682948146,-67.48845202666668,-444.11966829481463,-67.26445202666667,-511.3841203214813,-513.4561203214813,110.224,True,4
2025-06-16T19:30:00+00:00,SPX,2025-06-16,6026.16,RANGE,ADJUSTED,-0.1311955279012409,-445.9676682948146,-67.61964755456792,-444.11966829481463,-67.39564755456792,-511.51531584938255,-513.5873158493825,110.224,True,4
2025-06-16T20:00:00+00:00,SPX,2025-06-16,6033.38,RANGE,ADJUSTED,0.6413366693827811,-445.9676682948146,-66.97831088518518,-444.11966829481463,-66.75431088518518,-510.8739791799998,-512.9459791799998,110.224,True,4
2025-06-17T13:30:00+00:00,SPX,2025-06-16,6011.5,RANGE,ADJUSTED,1.5234089716049084,-445.9676682948146,-65.45490191358024,-444.11966829481463,-65.23090191358024,-509.35057020839486,-511.42257020839486,110.224,True,4
2025-06-17T14:00:00+00:00,SPX,2025-06-16,6011.82,RANGE,ADJUSTED,0.12028523629629717,-445.9676682948146,-65.33461667728398,-444.11966829481463,-65.11061667728397,-509.2302849720986,-511.30228497209856,110.224,True,4
2025-06-17T14:30:00+00:00,SPX,2025-06-16,6017.96,RANGE,ADJUSTED,0.6634098506173132,-445.9676682948146,-64.67120682666666,-444.11966829481463,-64.44720682666666,-508.5668751214813,-510.63887512148125,110.224,True,4
2025-06-17T15:00:00+00:00,SPX,2025-06-16,6016.42,RANGE,ADJUSTED,-0.05064590395062396,-445.9676682948146,-64.72185273061729,-444.11966829481463,-64.49785273061727,-508.61752102543187,-510.6895210254319,110.224,True,4
2025-06-17T15:30:00+00:00,SPX,2025-06-16,6010.84,RANGE,ADJUSTED,-0.43286557654317903,-445.9676682948146,-65.15471830716048,-444.11966829481463,-64.93071830716048,-509.0503866019751,-511.12238660197505,110.224,True,4
2025-06-17T16:00:00+00:00,SPX,2025-06-16,6019.24,RANGE,ADJUSTED,0.8859584256789503,-445.9676682948146,-64.2687598814815,-444.11966829481463,-64.0447598814815,-508.16442817629616,-510.2364281762961,110.224,True,4
2025-06-17T16:30:00+00:00,SPX,2025-06-16,6021.64,RANGE,ADJUSTED,0.32285913679021405,-445.9676682948146,-63.94590074469133,-444.11966829481463,-63.721900744691325,-507.84156903950594,-509.9135690395059,110.224,True,4
2025-06-17T17:00:00+00:00,SPX,2025-06-16,6006.81,RANGE,ADJUSTED,-1.3236476529630181,-445.9676682948146,-65.26954839765429,-444.11966829481463,-65.04554839765427,-509.1652166924689,-511.2372166924689,110.224,True,4
2025-06-17T17:30:00+00:00,SPX,2025-06-16,6002.19,RANGE,ADJUSTED,-0.3560417734568091,-445.9676682948146,-65.62559017111116,-444.11966829481463,-65.40159017111115,-509.52125846592577,-511.5932584659257,110.224,True,4
2025-06-17T18:00:00+00:00,SPX,2025-06-16,5979.85,RANGE,ADJUSTED,-2.0734751739505555,-445.9676682948146,-67.6990653450617,-444.11966829481463,-67.4750653450617,-511.5947336398763,-513.6667336398763,110.224,True,4
2025-06-17T18:30:00+00:00,SPX,2025-06-16,5984.85,RANGE,ADJUSTED,0.5609862092592266,-445.9676682948146,-67.13807913580244,-444.11966829481463,-66.91407913580244,-511.03374743061704,-513.105747430617,110.224,True,4
2025-06-17T19:00:00+00:00,SPX,2025-06-16,5982.73,RANGE,ADJUSTED,-0.12934476160501163,-445.9676682948146,-67.26742389740745,-444.11966829481463,-67.04342389740745,-511.16309219222205,-513.235092192222,110.224,True,4
2025-06-17T19:30:00+00:00,SPX,2025-06-16,5988.29,RANGE,ADJUSTED,0.6221926537037916,-445.9676682948146,-66.64523124370372,-444.11966829481463,-66.42123124370372,-510.5408995385184,-512.6128995385183,110.224,True,4
2025-06-17T20:00:00+00:00,SPX,2025-06-16,5982.06,RANGE,ADJUSTED,-0.535022046913582,-445.9676682948146,-67.18025329061724,-444.11966829481463,-66.95625329061724,-511.07592158543184,-513.1479215854318,110.224,True,4
2025-06-18T13:30:00+00:00,SPX,2025-06-16,5981.82,RANGE,ADJUSTED,2.6425542353085802,-445.9676682948146,-64.53769905530868,-444.11966829481463,-64.31369905530867,-508.4333673501233,-510.50536735012327,110.224,True,4
2025-06-18T14:00:00+00:00,SPX,2025-06-16,6002.49,RANGE,ADJUSTED,2.4759221191358165,-445.9676682948146,-62.06177693617286,-444.11966829481463,-61.83777693617286,-505.9574452309875,-508.02944523098745,110.224,True,4
2025-06-18T14:30:00+00:00,SPX,2025-06-16,6017.74,RANGE,ADJUSTED,1.8641199880246972,-445.9676682948146,-60.19765694814818,-444.11966829481463,-59.97365694814817,-504.0933252429628,-506.16532524296275,110.224,True,4
2025-06-18T15:00:00+00:00,SPX,2025-06-16,6015.02,RANGE,ADJUSTED,-0.22480252666656497,-445.9676682948146,-60.42245947481476,-444.11966829481463,-60.198459474814754,-504.31812776962937,-506.3901277696293,110.224,True,4
2025-06-18T15:30:00+00:00,SPX,2025-06-16,6007.68,RANGE,ADJUSTED,-0.7705502743210673,-445.9676682948146,-61.19300974913577,-444.11966829481463,-60.969009749135765,-505.0886780439504,-507.1606780439504,110.224,True,4
2025-06-18T16:00:00+00:00,SPX,2025-06-16,6005.91,RANGE,ADJUSTED,-0.1201929408642286,-445.9676682948146,-61.313202690000026,-444.11966829481463,-61.089202690000015,-505.20887098481467,-507.2808709848146,110.224,True,4
2025-06-18T16:30:00+00:00,SPX,2025-06-16,6002.8,RANGE,ADJUSTED,-0.2807384161728237,-445.9676682948146,-61.59394110617282,-444.11966829481463,-61.36994110617282,-505.48960940098743,-507.56160940098744,110.224,True,4
2025-06-18T17:00:00+00:00,SPX,2025-06-16,6002.16,RANGE,ADJUSTED,0.010201074074075223,-445.9676682948146,-61.58374003209879,-444.11966829481463,-61.359740032098784,-505.4794083269134,-507.55140832691336,110.224,True,4
2025-06-18T17:30:00+00:00,SPX,2025-06-16,5989.87,RANGE,ADJUSTED,-1.3825758575308669,-445.9676682948146,-62.96631588962964,-444.11966829481463,-62.74231588962964,-506.8619841844443,-508.9339841844442,110.224,True,4
2025-06-18T18:00:00+00:00,SPX,2025-06-16,5993.43,RANGE,ADJUSTED,0.5072314065432693,-445.9676682948146,-62.459084483086386,-444.11966829481463,-62.23508448308638,-506.354752777901,-508.42675277790096,110.224,True,4
2025-06-18T18:30:00+00:00,SPX,2025-06-16,6007.67,RANGE,ADJUSTED,1.7973078104938054,-445.9676682948146,-60.661776672592595,-444.11966829481463,-60.437776672592584,-504.5574449674072,-506.62944496740715,110.224,True,4
2025-06-18T19:00:00+00:00,SPX,2025-06-16,5986.99,RANGE,ADJUSTED,-2.4126268833333597,-445.9676682948146,-63.074403555925954,-444.11966829481463,-62.85040355592595,-506.97007185074057,-509.0420718507405,110.224,True,4
2025-06-18T19:30:00+00:00,SPX,2025-06-16,5984.66,RANGE,ADJUSTED,-0.20426922185185958,-445.9676682948146,-63.2786727777778,-444.11966829481463,-63.054672777777796,-507.1743410725924,-509.2463410725924,110.224,True,4
2025-06-18T20:00:00+00:00,SPX,2025-06-16,5980.33,RANGE,ADJUSTED,-0.4503871356790228,-445.9676682948146,-63.72905991345681,-444.11966829481463,-63.505059913456805,-507.62472820827145,-509.6967282082714,110.224,True,4
2025-06-20T13:30:00+00:00,SPX,2025-06-16,6006.4,RANGE,EXITED,10.43642160728399,-499.2603066009874,0.0,-497.1323066009875,0.0,-497.1323066009875,-499.2603066009874,0.0,False,0
2025-06-20T14:00:00+00:00,SPX,2025-06-16,5998.7,RANGE,EXITED,0.0,-499.2603066009874,0.0,-497.1323066009875,0.0,-497.1323066009875,-499.2603066009874,0.0,False,0
2025-06-20T14:30:00+00:00,SPX,2025-06-16,5981.63,RANGE,EXITED,0.0,-499.2603066009874,0.0,-497.1323066009875,0.0,-497.1323066009875,-499.2603066009874,0.0,False,0
2025-06-20T15:00:00+00:00,SPX,2025-06-16,5960.45,RANGE,EXITED,0.0,-499.2603066009874,0.0,-497.1323066009875,0.0,-497.1323066009875,-499.2603066009874,0.0,False,0
2025-06-20T15:30:00+00:00,SPX,2025-06-16,5981.83,RANGE,EXITED,0.0,-499.2603066009874,0.0,-497.1323066009875,0.0,-497.1323066009875,-499.2603066009874,0.0,False,0
2025-06-20T16:00:00+00:00,SPX,2025-06-16,5970.4,RANGE,EXITED,0.0,-499.2603066009874,0.0,-497.1323066009875,0.0,-497.1323066009875,-499.2603066009874,0.0,False,0
2025-06-20T16:30:00+00:00,SPX,2025-06-16,5975.52,RANGE,EXITED,0.0,-499.2603066009874,0.0,-497.1323066009875,0.0,-497.1323066009875,-499.2603066009874,0.0,False,0
2025-06-20T17:00:00+00:00,SPX,2025-06-16,5974.64,RANGE,EXITED,0.0,-499.2603066009874,0.0,-497.1323066009875,0.0,-497.1323066009875,-499.2603066009874,0.0,False,0
2025-06-20T17:30:00+00:00,SPX,2025-06-16,5958.46,RANGE,EXITED,0.0,-499.2603066009874,0.0,-497.1323066009875,0.0,-497.1323066009875,-499.2603066009874,0.0,False,0
2025-06-20T18:00:00+00:00,SPX,2025-06-16,5966.96,RANGE,EXITED,0.0,-499.2603066009874,0.0,-497.1323066009875,0.0,-497.1323066009875,-499.2603066009874,0.0,False,0
2025-06-20T18:30:00+00:00,SPX,2025-06-16,5974.41,RANGE,EXITED,0.0,-499.2603066009874,0.0,-497.1323066009875,0.0,-497.1323066009875,-499.2603066009874,0.0,False,0
2025-06-20T19:00:00+00:00,SPX,2025-06-16,5960.89,RANGE,EXITED,0.0,-499.2603066009874,0.0,-497.1323066009875,0.0,-497.1323066009875,-499.2603066009874,0.0,False,0
2025-06-20T19:30:00+00:00,SPX,2025-06-16,5960.75,RANGE,EXITED,0.0,-499.2603066009874,0.0,-497.1323066009875,0.0,-497.1323066009875,-499.2603066009874,0.0,False,0
2025-06-20T20:00:00+00:00,SPX,2025-06-16,5968.34,RANGE,EXITED,0.0,-499.2603066009874,0.0,-497.1323066009875,0.0,-497.1323066009875,-499.2603066009874,0.0,False,0
2025-06-23T13:30:00+00:00,SPX,2025-06-23,5963.53,RANGE,IDLE,0.0,-499.2603066009874,0.0,-497.1323066009875,0.0,-497.1323066009875,-499.2603066009874,0.0,False,0
2025-06-23T14:00:00+00:00,SPX,2025-06-23,5996.31,RANGE,ACTIVE,-82.668,-499.2603066009874,-82.668,-497.1323066009875,-82.5,-579.6323066009875,-581.9283066009874,82.668,False,3
2025-06-23T14:30:00+00:00,SPX,2025-06-23,6000.39,RANGE,ADJUSTED,15.711519413333349,-499.2603066009874,-66.95648058666669,-497.1323066009875,-66.73248058666668,-563.8647871876542,-566.2167871876541,110.224,True,4
2025-06-23T15:00:00+00:00,SPX,2025-06-23,5995.44,RANGE,ADJUSTED,-0.18461029481488822,-499.2603066009874,-67.14109088148152,-497.1323066009875,-66.9170908814815,-564.049397482469,-566.401397482469,110.224,True,4
2025-06-23T15:30:00+00:00,SPX,2025-06-23,5989.27,RANGE,ADJUSTED,-0.3305050846912536,-499.2603066009874,-67.47159596617281,-497.1323066009875,-67.24759596617281,-564.3799025671603,-566.7319025671602,110.224,True,4
2025-06-23T16:00:00+00:00,SPX,2025-06-23,5983.19,RANGE,ADJUSTED,-0.33007275345687503,-499.2603066009874,-67.80166871962966,-497.1323066009875,-67.57766871962966,-564.7099753206171,-567.0619753206171,110.224,True,4
2025-06-23T16:30:00+00:00,SPX,2025-06-23,5954.92,RANGE,ADJUSTED,-1.9312916319752276,-499.2603066009874,-69.73296035160493,-497.1323066009875,-69.50896035160493,-566.6412669525924,-568.9932669525923,110.224,True,4
2025-06-23T17:00:00+00:00,SPX,2025-06-23,5971.15,RANGE,ADJUSTED,1.2621108880246084,-499.2603066009874,-68.47084946358028,-497.1323066009875,-68.24684946358028,-565.3791560645677,-567.7311560645677,110.224,True,4
2025-06-23T17:30:00+00:00,SPX,2025-06-23,6006.31,RANGE,ADJUSTED,1.7376558154320492,-499.2603066009874,-66.73319364814819,-497.1323066009875,-66.50919364814817,-563.6415002491357,-565.9935002491356,110.224,True,4
2025-06-23T18:00:00+00:00,SPX,2025-06-23,6011.96,RANGE,ADJUSTED,-0.30819873604923487,-499.2603066009874,-67.04139238419754,-497.1323066009875,-66.81739238419753,-563.949698985185,-566.3016989851849,110.224,True,4
2025-06-23T18:30:00+00:00,SPX,2025-06-23,6010.28,RANGE,ADJUSTED,0.22753252839504512,-499.2603066009874,-66.81385985580246,-497.1323066009875,-66.58985985580244,-563.7221664567899,-566.0741664567898,110.224,True,4
2025-06-23T19:00:00+00:00,SPX,2025-06-23,6015.82,RANGE,ADJUSTED,-0.30744094197530103,-499.2603066009874,-67.12130079777776,-497.1323066009875,-66.89730079777775,-564.0296073987652,-566.3816073987651,110.224,True,4
2025-06-23T19:30:00+00:00,SPX,2025-06-23,6015.47,RANGE,ADJUSTED,0.12779516987643547,-499.2603066009874,-66.99350562790126,-497.1323066009875,-66.76950562790125,-563.9018122288887,-566.2538122288887,110.224,True,4
2025-06-23T20:00:00+00:00,SPX,2025-06-23,6024.75,RANGE,ADJUSTED,-0.5969425665431345,-499.2603066009874,-67.59044819444445,-497.1323066009875,-67.36644819444444,-564.498754795432,-566.8507547954318,110.224,True,4
2025-06-24T13:30:00+00:00,SPX,2025-06-23,6068.27,TREND_UP,ABORTED,-0.6680887327162282,-567.5188435281481,0.0,-565.110843528148,0.0,-565.110843528148,-567.5188435281481,0.0,False,0
2025-06-24T14:00:00+00:00,SPX,2025-06-23,6067.62,RANGE,ABORTED,0.0,-567.5188435281481,0.0,-565.110843528148,0.0,-565.110843528148,-567.5188435281481,0.0,False,0
2025-06-24T14:30:00+00:00,SPX,2025-06-23,6073.49,RANGE,ABORTED,0.0,-567.5188435281481,0.0,-565.110843528148,0.0,-565.110843528148,-567.5188435281481,0.0,False,0
2025-06-24T15:00:00+00:00,SPX,2025-06-23,6076.9,RANGE,ABORTED,0.0,-567.5188435281481,0.0,-565.110843528148,0.0,-565.110843528148,-567.5188435281481,0.0,False,0
2025-06-24T15:30:00+00:00,SPX,2025-06-23,6082.75,RANGE,ABORTED,0.0,-567.5188435281481,0.0,-565.110843528148,0.0,-565.110843528148,-567.5188435281481,0.0,False,0
2025-06-24T16:00:00+00:00,SPX,2025-06-23,6084.59,RANGE,ABORTED,0.0,-567.5188435281481,0.0,-565.110843528148,0.0,-565.110843528148,-567.5188435281481,0.0,False,0
2025-06-24T16:30:00+00:00,SPX,2025-06-23,6089.51,RANGE,ABORTED,0.0,-567.5188435281481,0.0,-565.110843528148,0.0,-565.110843528148,-567.5188435281481,0.0,False,0
2025-06-24T17:00:00+00:00,SPX,2025-06-23,6091.72,RANGE,ABORTED,0.0,-567.5188435281481,0.0,-565.110843528148,0.0,-565.110843528148,-567.5188435281481,0.0,False,0
2025-06-24T17:30:00+00:00,SPX,2025-06-23,6089.36,RANGE,ABORTED,0.0,-567.5188435281481,0.0,-565.110843528148,0.0,-565.110843528148,-567.5188435281481,0.0,False,0
2025-06-24T18:00:00+00:00,SPX,2025-06-23,6096.51,RANGE,ABORTED,0.0,-567.5188435281481,0.0,-565.110843528148,0.0,-565.110843528148,-567.5188435281481,0.0,False,0
2025-06-24T18:30:00+00:00,SPX,2025-06-23,6092.97,RANGE,ABORTED,0.0,-567.5188435281481,0.0,-565.110843528148,0.0,-565.110843528148,-567.5188435281481,0.0,False,0
2025-06-24T19:00:00+00:00,SPX,2025-06-23,6098.88,RANGE,ABORTED,0.0,-567.5188435281481,0.0,-565.110843528148,0.0,-565.110843528148,-567.5188435281481,0.0,False,0
2025-06-24T19:30:00+00:00,SPX,2025-06-23,6099.66,RANGE,ABORTED,0.0,-567.5188435281481,0.0,-565.110843528148,0.0,-565.110843528148,-567.5188435281481,0.0,False,0
2025-06-24T20:00:00+00:00,SPX,2025-06-23,6093.28,RANGE,ABORTED,0.0,-567.5188435281481,0.0,-565.110843528148,0.0,-565.110843528148,-567.5188435281481,0.0,False,0
2025-06-25T13:30:00+00:00,SPX,2025-06-23,6104.57,RANGE,ABORTED,0.0,-567.5188435281481,0.0,-565.110843528148,0.0,-565.110843528148,-567.5188435281481,0.0,False,0
2025-06-25T14:00:00+00:00,SPX,2025-06-23,6103.38,RANGE,ABORTED,0.0,-567.5188435281481,0.0,-565.110843528148,0.0,-565.110843528148,-567.5188435281481,0.0,False,0
2025-06-25T14:30:00+00:00,SPX,2025-06-23,6101.5,RANGE,ABORTED,0.0,-567.5188435281481,0.0,-565.110843528148,0.0,-565.110843528148,-567.5188435281481,0.0,False,0
2025-06-25T15:00:00+00:00,SPX,2025-06-23,6097.02,RANGE,ABORTED,0.0,-567.5188435281481,0.0,-565.110843528148,0.0,-565.110843528148,-567.5188435281481,0.0,False,0
2025-06-25T15:30:00+00:00,SPX,2025-06-23,6090.48,RANGE,ABORTED,0.0,-567.5188435281481,0.0,-565.110843528148,0.0,-565.110843528148,-567.5188435281481,0.0,False,0
2025-06-25T16:00:00+00:00,SPX,2025-06-23,6093.93,RANGE,ABORTED,0.0,-567.5188435281481,0.0,-565.110843528148,0.0,-565.110843528148,-567.5188435281481,0.0,False,0
2025-06-25T16:30:00+00:00,SPX,2025-06-23,6092.92,RANGE,ABORTED,0.0,-567.5188435281481,0.0,-565.110843528148,0.0,-565.110843528148,-567.5188435281481,0.0,False,0
2025-06-25T17:00:00+00:00,SPX,2025-06-23,6088.49,RANGE,ABORTED,0.0,-567.5188435281481,0.0,-565.110843528148,0.0,-565.110843528148,-567.5188435281481,0.0,False,0
2025-06-25T17:30:00+00:00,SPX,2025-06-23,6089.79,RANGE,ABORTED,0.0,-567.5188435281481,0.0,-565.110843528148,0.0,-565.110843528148,-567.5188435281481,0.0,False,0
2025-06-25T18:00:00+00:00,SPX,2025-06-23,6088.05,RANGE,ABORTED,0.0,-567.5188435281481,0.0,-565.110843528148,0.0,-565.110843528148,-567.5188435281481,0.0,False,0
2025-06-25T18:30:00+00:00,SPX,2025-06-23,6085.94,RANGE,ABORTED,0.0,-567.5188435281481,0.0,-565.110843528148,0.0,-565.110843528148,-567.5188435281481,0.0,False,0
2025-06-25T19:00:00+00:00,SPX,2025-06-23,6090.43,RANGE,ABORTED,0.0,-567.5188435281481,0.0,-565.110843528148,0.0,-565.110843528148,-567.5188435281481,0.0,False,0
2025-06-25T19:30:00+00:00,SPX,2025-06-23,6089.94,RANGE,ABORTED,0.0,-567.5188435281481,0.0,-565.110843528148,0.0,-565.110843528148,-567.5188435281481,0.0,False,0
2025-06-25T20:00:00+00:00,SPX,2025-06-23,6093.86,RANGE,ABORTED,0.0,-567.5188435281481,0.0,-565.110843528148,0.0,-565.110843528148,-567.5188435281481,0.0,False,0
2025-06-26T13:30:00+00:00,SPX,2025-06-23,6115.63,RANGE,ABORTED,0.0,-567.5188435281481,0.0,-565.110843528148,0.0,-565.110843528148,-567.5188435281481,0.0,False,0
2025-06-26T14:00:00+00:00,SPX,2025-06-23,6118.52,RANGE,ABORTED,0.0,-567.5188435281481,0.0,-565.110843528148,0.0,-565.110843528148,-567.5188435281481,0.0,False,0
2025-06-26T14:30:00+00:00,SPX,2025-06-23,6127.8,TREND_UP,ABORTED,0.0,-567.5188435281481,0.0,-565.110843528148,0.0,-565.110843528148,-567.5188435281481,0.0,False,0
2025-06-26T15:00:00+00:00,SPX,2025-06-23,6130.78,TREND_UP,ABORTED,0.0,-567.5188435281481,0.0,-565.110843528148,0.0,-565.110843528148,-567.5188435281481,0.0,False,0
2025-06-26T15:30:00+00:00,SPX,2025-06-23,6126.86,RANGE,ABORTED,0.0,-567.5188435281481,0.0,-565.110843528148,0.0,-565.110843528148,-567.5188435281481,0.0,False,0
2025-06-26T16:00:00+00:00,SPX,2025-06-23,6133.36,TREND_UP,ABORTED,0.0,-567.5188435281481,0.0,-565.110843528148,0.0,-565.110843528148,-567.5188435281481,0.0,False,0
2025-06-26T16:30:00+00:00,SPX,2025-06-23,6134.34,TREND_UP,ABORTED,0.0,-567.5188435281481,0.0,-565.110843528148,0.0,-565.110843528148,-567.5188435281481,0.0,False,0
2025-06-26T17:00:00+00:00,SPX,2025-06-23,6133.49,TREND_UP,ABORTED,0.0,-567.5188435281481,0.0,-565.110843528148,0.0,-565.110843528148,-567.5188435281481,0.0,False,0
2025-06-26T17:30:00+00:00,SPX,2025-06-23,6136.79,TREND_UP,ABORTED,0.0,-567.5188435281481,0.0,-565.110843528148,0.0,-565.110843528148,-567.5188435281481,0.0,False,0
2025-06-26T18:00:00+00:00,SPX,2025-06-23,6137.03,TREND_UP,ABORTED,0.0,-567.5188435281481,0.0,-565.110843528148,0.0,-565.110843528148,-567.5188435281481,0.0,False,0
2025-06-26T18:30:00+00:00,SPX,2025-06-23,6142.61,TREND_UP,ABORTED,0.0,-567.5188435281481,0.0,-565.110843528148,0.0,-565.110843528148,-567.5188435281481,0.0,False,0
2025-06-26T19:00:00+00:00,SPX,2025-06-23,6139.61,TREND_UP,ABORTED,0.0,-567.5188435281481,0.0,-565.110843528148,0.0,-565.110843528148,-567.5188435281481,0.0,False,0
2025-06-26T19:30:00+00:00,SPX,2025-06-23,6139.78,TREND_UP,ABORTED,0.0,-567.5188435281481,0.0,-565.110843528148,0.0,-565.110843528148,-567.5188435281481,0.0,False,0
2025-06-26T20:00:00+00:00,SPX,2025-06-23,6142.62,TREND_UP,ABORTED,0.0,-567.5188435281481,0.0,-565.110843528148,0.0,-565.110843528148,-567.5188435281481,0.0,False,0
2025-06-27T13:30:00+00:00,SPX,2025-06-23,6154.73,TREND_UP,ABORTED,0.0,-567.5188435281481,0.0,-565.110843528148,0.0,-565.110843528148,-567.5188435281481,0.0,False,0
2025-06-27T14:00:00+00:00,SPX,2025-06-23,6174.93,TREND_UP,ABORTED,0.0,-567.5188435281481,0.0,-565.110843528148,0.0,-565.110843528148,-567.5188435281481,0.0,False,0
2025-06-27T14:30:00+00:00,SPX,2025-06-23,6171.72,TREND_UP,ABORTED,0.0,-567.5188435281481,0.0,-565.110843528148,0.0,-565.110843528148,-567.5188435281481,0.0,False,0
2025-06-27T15:00:00+00:00,SPX,2025-06-23,6174.34,TREND_UP,ABORTED,0.0,-567.5188435281481,0.0,-565.110843528148,0.0,-565.110843528148,-567.5188435281481,0.0,False,0
2025-06-27T15:30:00+00:00,SPX,2025-06-23,6180.27,TREND_UP,ABORTED,0.0,-567.5188435281481,0.0,-565.110843528148,0.0,-565.110843528148,-567.5188435281481,0.0,False,0
2025-06-27T16:00:00+00:00,SPX,2025-06-23,6182.3,TREND_UP,ABORTED,0.0,-567.5188435281481,0.0,-565.110843528148,0.0,-565.110843528148,-567.5188435281481,0.0,False,0
2025-06-27T16:30:00+00:00,SPX,2025-06-23,6186.94,TREND_UP,ABORTED,0.0,-567.5188435281481,0.0,-565.110843528148,0.0,-565.110843528148,-567.5188435281481,0.0,False,0
2025-06-27T17:00:00+00:00,SPX,2025-06-23,6180.68,TREND_UP,ABORTED,0.0,-567.5188435281481,0.0,-565.110843528148,0.0,-565.110843528148,-567.5188435281481,0.0,False,0
2025-06-27T17:30:00+00:00,SPX,2025-06-23,6176.16,TREND_UP,ABORTED,0.0,-567.5188435281481,0.0,-565.110843528148,0.0,-565.110843528148,-567.5188435281481,0.0,False,0
2025-06-27T18:00:00+00:00,SPX,2025-06-23,6163.56,TREND_UP,ABORTED,0.0,-567.5188435281481,0.0,-565.110843528148,0.0,-565.110843528148,-567.5188435281481,0.0,False,0
2025-06-27T18:30:00+00:00,SPX,2025-06-23,6147.68,TREND_UP,ABORTED,0.0,-567.5188435281481,0.0,-565.110843528148,0.0,-565.110843528148,-567.5188435281481,0.0,False,0
2025-06-27T19:00:00+00:00,SPX,2025-06-23,6140.49,TREND_UP,ABORTED,0.0,-567.5188435281481,0.0,-565.110843528148,0.0,-565.110843528148,-567.5188435281481,0.0,False,0
2025-06-27T19:30:00+00:00,SPX,2025-06-23,6150.94,TREND_UP,ABORTED,0.0,-567.5188435281481,0.0,-565.110843528148,0.0,-565.110843528148,-567.5188435281481,0.0,False,0
2025-06-27T20:00:00+00:00,SPX,2025-06-23,6171.97,TREND_UP,ABORTED,0.0,-567.5188435281481,0.0,-565.110843528148,0.0,-565.110843528148,-567.5188435281481,0.0,False,0
2025-06-30T13:30:00+00:00,SPX,2025-06-30,6189.16,TREND_UP,IDLE,0.0,-567.5188435281481,0.0,-565.110843528148,0.0,-565.110843528148,-567.5188435281481,0.0,False,0
2025-06-30T14:00:00+00:00,SPX,2025-06-30,6187.81,TREND_UP,IDLE,0.0,-567.5188435281481,0.0,-565.110843528148,0.0,-565.110843528148,-567.5188435281481,0.0,False,0
2025-06-30T14:30:00+00:00,SPX,2025-06-30,6186.29,TREND_UP,IDLE,0.0,-567.5188435281481,0.0,-565.110843528148,0.0,-565.110843528148,-567.5188435281481,0.0,False,0
2025-06-30T15:00:00+00:00,SPX,2025-06-30,6185.32,TREND_UP,IDLE,0.0,-567.5188435281481,0.0,-565.110843528148,0.0,-565.110843528148,-567.5188435281481,0.0,False,0
2025-06-30T15:30:00+00:00,SPX,2025-06-30,6189.36,TREND_UP,IDLE,0.0,-567.5188435281481,0.0,-565.110843528148,0.0,-565.110843528148,-567.5188435281481,0.0,False,0
2025-06-30T16:00:00+00:00,SPX,2025-06-30,6190.77,TREND_UP,IDLE,0.0,-567.5188435281481,0.0,-565.110843528148,0.0,-565.110843528148,-567.5188435281481,0.0,False,0
2025-06-30T16:30:00+00:00,SPX,2025-06-30,6188.85,TREND_UP,IDLE,0.0,-567.5188435281481,0.0,-565.110843528148,0.0,-565.110843528148,-567.5188435281481,0.0,False,0
2025-06-30T17:00:00+00:00,SPX,2025-06-30,6188.81,TREND_UP,IDLE,0.0,-567.5188435281481,0.0,-565.110843528148,0.0,-565.110843528148,-567.5188435281481,0.0,False,0
2025-06-30T17:30:00+00:00,SPX,2025-06-30,6184.34,RANGE,ACTIVE,-82.668,-567.5188435281481,-82.668,-565.110843528148,-82.5,-647.610843528148,-650.1868435281481,82.668,False,3
2025-06-30T18:00:00+00:00,SPX,2025-06-30,6184.24,RANGE,ADJUSTED,15.68563783111108,-567.5188435281481,-66.98236216888891,-565.110843528148,-66.75836216888891,-631.8692056970369,-634.501205697037,110.224,True,4
2025-06-30T18:30:00+00:00,SPX,2025-06-30,6179.99,RANGE,ADJUSTED,-0.19042490703702697,-567.5188435281481,-67.17278707592594,-565.110843528148,-66.94878707592594,-632.059630604074,-634.691630604074,110.224,True,4
2025-06-30T19:00:00+00:00,SPX,2025-06-30,6195.02,RANGE,ADJUSTED,-0.2484544455555806,-567.5188435281481,-67.42124152148152,-565.110843528148,-67.19724152148152,-632.3080850496295,-634.9400850496296,110.224,True,4
2025-06-30T19:30:00+00:00,SPX,2025-06-30,6202.31,RANGE,ADJUSTED,-0.4161309574074039,-567.5188435281481,-67.83737247888892,-565.110843528148,-67.61337247888892,-632.724216007037,-635.356216007037,110.224,True,4
2025-06-30T20:00:00+00:00,SPX,2025-06-30,6204.35,RANGE,ADJUSTED,-0.04577367666661303,-567.5188435281481,-67.88314615555558,-565.110843528148,-67.65914615555558,-632.7699896837037,-635.4019896837036,110.224,True,4
2025-07-01T13:30:00+00:00,SPX,2025-06-30,6188.33,RANGE,ADJUSTED,4.9205172255555,-567.5188435281481,-62.962628929999994,-565.110843528148,-62.73862892999999,-627.849472458148,-630.4814724581481,110.224,True,4
2025-07-01T14:00:00+00:00,SPX,2025-06-30,6194.9,RANGE,ADJUSTED,-0.479552492222183,-567.5188435281481,-63.44218142222219,-565.110843528148,-63.21818142222219,-628.3290249503702,-630.9610249503703,110.224,True,4
2025-07-01T14:30:00+00:00,SPX,2025-06-30,6192.45,RANGE,ADJUSTED,0.3246613265432643,-567.5188435281481,-63.117520095679,-565.110843528148,-62.893520095678994,-628.0043636238271,-630.636363623827,110.224,True,4
2025-07-01T15:00:00+00:00,SPX,2025-06-30,6193.73,RANGE,ADJUSTED,-0.0099727643209917,-567.5188435281481,-63.12749285999996,-565.110843528148,-62.90349285999996,-628.014336388148,-630.646336388148,110.224,True,4
2025-07-01T15:30:00+00:00,SPX,2025-06-30,6195.89,RANGE,ADJUSTED,-0.0911538833333907,-567.5188435281481,-63.218646743333366,-565.110843528148,-62.99464674333336,-628.1054902714814,-630.7374902714814,110.224,True,4
2025-07-01T16:00:00+00:00,SPX,2025-06-30,6191.22,RANGE,ADJUSTED,0.5304898554320516,-567.5188435281481,-62.68815688790126,-565.110843528148,-62.464156887901254,-627.5750004160493,-630.2070004160494,110.224,True,4
2025-07-01T16:30:00+00:00,SPX,2025-06-30,6198.82,RANGE,ADJUSTED,-0.5914777054319984,-567.5188435281481,-63.27963459333331,-565.110843528148,-63.0556345933333,-628.1664781214813,-630.7984781214814,110.224,True,4
2025-07-01T17:00:00+00:00,SPX,2025-06-30,6195.49,RANGE,ADJUSTED,0.4099277328394919,-567.5188435281481,-62.86970686049381,-565.110843528148,-62.6457068604938,-627.7565503886418,-630.3885503886419,110.224,True,4
2025-07-01T17:30:00+00:00,SPX,2025-06-30,6201.52,RANGE,ADJUSTED,-0.45526907827172636,-567.5188435281481,-63.324975938765476,-565.110843528148,-63.10097593876547,-628.2118194669135,-630.8438194669136,110.224,True,4
2025-07-01T18:00:00+00:00,SPX,2025-06-30,6205.62,RANGE,ADJUSTED,-0.28112217086413693,-567.5188435281481,-63.60609810962963,-565.110843528148,-63.38209810962962,-628.4929416377777,-631.1249416377777,110.224,True,4
2025-07-01T18:30:00+00:00,SPX,2025-06-30,6206.79,RANGE,ADJUSTED,-0.010409953209887135,-567.5188435281481,-63.616508062839515,-565.110843528148,-63.392508062839504,-628.5033515909876,-631.1353515909876,110.224,True,4
2025-07-01T19:00:00+00:00,SPX,2025-06-30,6197.98,RANGE,ADJUSTED,0.9289535240741316,-567.5188435281481,-62.6875545387654,-565.110843528148,-62.463554538765386,-627.5743980669134,-630.2063980669135,110.224,True,4
2025-07-01T19:30:00+00:00,SPX,2025-06-30,6201.75,RANGE,ADJUSTED,-0.25411847049383596,-567.5188435281481,-62.94167300925926,-565.110843528148,-62.71767300925926,-627.8285165374073,-630.4605165374073,110.224,True,4
2025-07-01T20:00:00+00:00,SPX,2025-06-30,6197.58,RANGE,ADJUSTED,0.4981864541975938,-567.5188435281481,-62.443486555061725,-565.110843528148,-62.21948655506172,-627.3303300832098,-629.9623300832097,110.224,True,4
2025-07-02T13:30:00+00:00,SPX,2025-06-30,6188.91,RANGE,ADJUSTED,4.584396692469113,-567.5188435281481,-57.85908986259258,-565.110843528148,-57.63508986259258,-622.7459333907407,-625.3779333907406,110.224,True,4
2025-07-02T14:00:00+00:00,SPX,2025-06-30,6200.63,RANGE,ADJUSTED,-1.2134177611111454,-567.5188435281481,-59.072507623703714,-565.110843528148,-58.84850762370371,-623.9593511518517,-626.5913511518518,110.224,True,4
2025-07-02T14:30:00+00:00,SPX,2025-06-30,6211.63,RANGE,ADJUSTED,-1.1433120939506125,-567.5188435281481,-60.21581971765434,-565.110843528148,-59.99181971765433,-625.1026632458024,-627.7346632458024,110.224,True,4
2025-07-02T15:00:00+00:00,SPX,2025-06-30,6212.27,TREND_UP,ABORTED,-0.03238694234585182,-627.7670501881482,0.0,-625.0790501881481,0.0,-625.0790501881481,-627.7670501881482,0.0,False,0
2025-07-02T15:30:00+00:00,SPX,2025-06-30,6213.17,TREND_UP,ABORTED,0.0,-627.7670501881482,0.0,-625.0790501881481,0.0,-625.0790501881481,-627.7670501881482,0.0,False,0
2025-07-02T16:00:00+00:00,SPX,2025-06-30,6212.4,RANGE,ABORTED,0.0,-627.7670501881482,0.0,-625.0790501881481,0.0,-625.0790501881481,-627.7670501881482,0.0,False,0
2025-07-02T16:30:00+00:00,SPX,2025-06-30,6214.86,TREND_UP,ABORTED,0.0,-627.7670501881482,0.0,-625.0790501881481,0.0,-625.0790501881481,-627.7670501881482,0.0,False,0
2025-07-02T17:00:00+00:00,SPX,2025-06-30,6217.94,TREND_UP,ABORTED,0.0,-627.7670501881482,0.0,-625.0790501881481,0.0,-625.0790501881481,-627.7670501881482,0.0,False,0
2025-07-02T17:30:00+00:00,SPX,2025-06-30,6218.45,RANGE,ABORTED,0.0,-627.7670501881482,0.0,-625.0790501881481,0.0,-625.0790501881481,-627.7670501881482,0.0,False,0
2025-07-02T18:00:00+00:00,SPX,2025-06-30,6216.93,RANGE,ABORTED,0.0,-627.7670501881482,0.0,-625.0790501881481,0.0,-625.0790501881481,-627.7670501881482,0.0,False,0
2025-07-02T18:30:00+00:00,SPX,2025-06-30,6220.72,RANGE,ABORTED,0.0,-627.7670501881482,0.0,-625.0790501881481,0.0,-625.0790501881481,-627.7670501881482,0.0,False,0
2025-07-02T19:00:00+00:00,SPX,2025-06-30,6223.46,RANGE,ABORTED,0.0,-627.7670501881482,0.0,-625.0790501881481,0.0,-625.0790501881481,-627.7670501881482,0.0,False,0
2025-07-02T19:30:00+00:00,SPX,2025-06-30,6221.78,RANGE,ABORTED,0.0,-627.7670501881482,0.0,-625.0790501881481,0.0,-625.0790501881481,-627.7670501881482,0.0,False,0
2025-07-02T20:00:00+00:00,SPX,2025-06-30,6227.27,RANGE,ABORTED,0.0,-627.7670501881482,0.0,-625.0790501881481,0.0,-625.0790501881481,-627.7670501881482,0.0,False,0
2025-07-03T13:30:00+00:00,SPX,2025-06-30,6255.24,TREND_UP,ABORTED,0.0,-627.7670501881482,0.0,-625.0790501881481,0.0,-625.0790501881481,-627.7670501881482,0.0,False,0
2025-07-03T14:00:00+00:00,SPX,2025-06-30,6269.87,TREND_UP,ABORTED,0.0,-627.7670501881482,0.0,-625.0790501881481,0.0,-625.0790501881481,-627.7670501881482,0.0,False,0
2025-07-03T14:30:00+00:00,SPX,2025-06-30,6270.91,TREND_UP,ABORTED,0.0,-627.7670501881482,0.0,-625.0790501881481,0.0,-625.0790501881481,-627.7670501881482,0.0,False,0
2025-07-03T15:00:00+00:00,SPX,2025-06-30,6276.92,TREND_UP,ABORTED,0.0,-627.7670501881482,0.0,-625.0790501881481,0.0,-625.0790501881481,-627.7670501881482,0.0,False,0
2025-07-03T15:30:00+00:00,SPX,2025-06-30,6278.52,TREND_UP,ABORTED,0.0,-627.7670501881482,0.0,-625.0790501881481,0.0,-625.0790501881481,-627.7670501881482,0.0,False,0
2025-07-03T16:00:00+00:00,SPX,2025-06-30,6280.97,TREND_UP,ABORTED,0.0,-627.7670501881482,0.0,-625.0790501881481,0.0,-625.0790501881481,-627.7670501881482,0.0,False,0
2025-07-03T16:30:00+00:00,SPX,2025-06-30,6280.81,TREND_UP,ABORTED,0.0,-627.7670501881482,0.0,-625.0790501881481,0.0,-625.0790501881481,-627.7670501881482,0.0,False,0
2025-07-03T17:00:00+00:00,SPX,2025-06-30,6277.76,TREND_UP,ABORTED,0.0,-627.7670501881482,0.0,-625.0790501881481,0.0,-625.0790501881481,-627.7670501881482,0.0,False,0
2025-07-07T13:30:00+00:00,SPX,2025-07-07,6254.14,RANGE,IDLE,0.0,-627.7670501881482,0.0,-625.0790501881481,0.0,-625.0790501881481,-627.7670501881482,0.0,False,0
2025-07-07T14:00:00+00:00,SPX,2025-07-07,6253.8,RANGE,ACTIVE,-82.668,-627.7670501881482,-82.668,-625.0790501881481,-82.5,-707.5790501881481,-710.4350501881482,82.668,False,3
2025-07-07T14:30:00+00:00,SPX,2025-07-07,6248.19,RANGE,ADJUSTED,15.612190097777784,-627.7670501881482,-67.05580990222225,-625.0790501881481,-66.83180990222225,-691.9108600903704,-694.8228600903705,110.224,True,4
2025-07-07T15:00:00+00:00,SPX,2025-07-07,6243.16,RANGE,ADJUSTED,-0.24587503111115439,-627.7670501881482,-67.30168493333335,-625.0790501881481,-67.07768493333334,-692.1567351214815,-695.0687351214816,110.224,True,4
2025-07-07T15:30:00+00:00,SPX,2025-07-07,6241.5,RANGE,ADJUSTED,-0.01175552345671349,-627.7670501881482,-67.31344045679013,-625.0790501881481,-67.08944045679013,-692.1684906449383,-695.0804906449383,110.224,True,4
2025-07-07T16:00:00+00:00,SPX,2025-07-07,6243.49,RANGE,ADJUSTED,0.2472691779012166,-627.7670501881482,-67.0661712788889,-625.0790501881481,-66.8421712788889,-691.9212214670371,-694.8332214670371,110.224,True,4
2025-07-07T16:30:00+00:00,SPX,2025-07-07,6232.06,RANGE,ADJUSTED,-0.7156053462962291,-627.7670501881482,-67.78177662518516,-625.0790501881481,-67.55777662518516,-692.6368268133333,-695.5488268133333,110.224,True,4
2025-07-07T17:00:00+00:00,SPX,2025-07-07,6219.3,RANGE,ADJUSTED,-0.8229740797531804,-627.7670501881482,-68.60475070493827,-625.0790501881481,-68.38075070493827,-693.4598008930864,-696.3718008930865,110.224,True,4
2025-07-07T17:30:00+00:00,SPX,2025-07-07,6225.86,RANGE,ADJUSTED,0.5723774086419553,-627.7670501881482,-68.03237329629633,-625.0790501881481,-67.80837329629631,-692.8874234844444,-695.7994234844446,110.224,True,4
2025-07-07T18:00:00+00:00,SPX,2025-07-07,6224.13,RANGE,ADJUSTED,-0.029325659135793103,-627.7670501881482,-68.06169895543209,-625.0790501881481,-67.83769895543209,-692.9167491435802,-695.8287491435804,110.224,True,4
2025-07-07T18:30:00+00:00,SPX,2025-07-07,6205.96,RANGE,ADJUSTED,-1.2448759304937767,-627.7670501881482,-69.30657488592593,-625.0790501881481,-69.08257488592592,-694.1616250740741,-697.0736250740741,110.224,True,4
2025-07-07T19:00:00+00:00,SPX,2025-07-07,6220.87,RANGE,ADJUSTED,1.196046789259185,-627.7670501881482,-68.11052809666668,-625.0790501881481,-67.88652809666667,-692.9655782848148,-695.877578284815,110.224,True,4
2025-07-07T19:30:00+00:00,SPX,2025-07-07,6219.29,RANGE,ADJUSTED,-0.023049569753084143,-627.7670501881482,-68.13357766641975,-625.0790501881481,-67.90957766641975,-692.9886278545679,-695.900627854568,110.224,True,4
2025-07-07T20:00:00+00:00,SPX,2025-07-07,6230.76,RANGE,ADJUSTED,0.9579974392593158,-627.7670501881482,-67.17558022716048,-625.0790501881481,-66.95158022716048,-692.0306304153086,-694.9426304153087,110.224,True,4
2025-07-08T13:30:00+00:00,SPX,2025-07-07,6228.27,RANGE,ADJUSTED,3.268472709876505,-627.7670501881482,-63.90710751728392,-625.0790501881481,-63.68310751728391,-688.7621577054321,-691.6741577054322,110.224,True,4
2025-07-08T14:00:00+00:00,SPX,2025-07-07,6227.69,RANGE,ADJUSTED,0.04492844481478642,-627.7670501881482,-63.862179072469175,-625.0790501881481,-63.63817907246917,-688.7172292606173,-691.6292292606174,110.224,True,4
2025-07-08T14:30:00+00:00,SPX,2025-07-07,6233.1,RANGE,ADJUSTED,0.60303406506182,-627.7670501881482,-63.25914500740737,-625.0790501881481,-63.035145007407365,-688.1141951955555,-691.0261951955556,110.224,True,4
2025-07-08T15:00:00+00:00,SPX,2025-07-07,6227.45,RANGE,ADJUSTED,-0.42861512901242804,-627.7670501881482,-63.68776013641977,-625.0790501881481,-63.463760136419765,-688.5428103245679,-691.454810324568,110.224,True,4
2025-07-08T15:30:00+00:00,SPX,2025-07-07,6224.34,RANGE,ADJUSTED,-0.1947385040740528,-627.7670501881482,-63.88249864049381,-625.0790501881481,-63.658498640493804,-688.7375488286419,-691.6495488286421,110.224,True,4
2025-07-08T16:00:00+00:00,SPX,2025-07-07,6232.12,RANGE,ADJUSTED,0.8337872182715955,-627.7670501881482,-63.048711422222226,-625.0790501881481,-62.82471142222222,-687.9037616103703,-690.8157616103705,110.224,True,4
2025-07-08T16:30:00+00:00,SPX,2025-07-07,6235.91,RANGE,ADJUSTED,0.46145772987654254,-627.7670501881482,-62.5872536923457,-625.0790501881481,-62.363253692345694,-687.4423038804938,-690.354303880494,110.224,True,4
2025-07-08T17:00:00+00:00,SPX,2025-07-07,6229.22,RANGE,ADJUSTED,-0.5377520486418916,-627.7670501881482,-63.12500574098763,-625.0790501881481,-62.90100574098763,-687.9800559291358,-690.8920559291358,110.224,True,4
2025-07-08T17:30:00+00:00,SPX,2025-07-07,6225.33,RANGE,ADJUSTED,-0.2749432345680134,-627.7670501881482,-63.39994897555556,-625.0790501881481,-63.175948975555556,-688.2549991637037,-691.1669991637038,110.224,True,4
2025-07-08T18:00:00+00:00,SPX,2025-07-07,6232.36,RANGE,ADJUSTED,0.776884655555591,-627.7670501881482,-62.62306432000004,-625.0790501881481,-62.39906432000003,-687.4781145081481,-690.3901145081483,110.224,True,4
2025-07-08T18:30:00+00:00,SPX,2025-07-07,6227.34,RANGE,ADJUSTED,-0.386980173827169,-627.7670501881482,-63.01004449382715,-625.0790501881481,-62.78604449382714,-687.8650946819753,-690.7770946819754,110.224,True,4
2025-07-08T19:00:00+00:00,SPX,2025-07-07,6226.8,RANGE,ADJUSTED,0.0455647975309148,-627.7670501881482,-62.96447969629628,-625.0790501881481,-62.740479696296276,-687.8195298844444,-690.7315298844445,110.224,True,4
2025-07-08T19:30:00+00:00,SPX,2025-07-07,6226.25,RANGE,ADJUSTED,0.04405892469128503,-627.7670501881482,-62.92042077160494,-625.0790501881481,-62.696420771604934,-687.7754709597531,-690.6874709597532,110.224,True,4
2025-07-08T20:00:00+00:00,SPX,2025-07-07,6225.48,RANGE,ADJUSTED,0.021830298518580094,-627.7670501881482,-62.89859047308647,-625.0790501881481,-62.67459047308647,-687.7536406612346,-690.6656406612346,110.224,True,4
2025-07-09T13:30:00+00:00,SPX,2025-07-07,6257.52,RANGE,ADJUSTED,5.373925822222191,-627.7670501881482,-57.52466465086425,-625.0790501881481,-57.30066465086425,-682.3797148390124,-685.2917148390125,110.224,True,4
2025-07-09T14:00:00+00:00,SPX,2025-07-07,6262.69,RANGE,ADJUSTED,-0.4945820746912659,-627.7670501881482,-58.019246725555504,-625.0790501881481,-57.7952467255555,-682.8742969137036,-685.7862969137037,110.224,True,4
2025-07-09T14:30:00+00:00,SPX,2025-07-07,6247.75,RANGE,ADJUSTED,1.3202667255554843,-627.7670501881482,-56.698980000000006,-625.0790501881481,-56.474979999999995,-681.5540301881481,-684.4660301881482,110.224,True,4
2025-07-09T15:00:00+00:00,SPX,2025-07-07,6241.64,RANGE,ADJUSTED,-0.6070902064196844,-627.7670501881482,-57.30607020641972,-625.0790501881481,-57.08207020641971,-682.1611203945679,-685.0731203945679,110.224,True,4
2025-07-09T15:30:00+00:00,SPX,2025-07-07,6242.85,RANGE,ADJUSTED,0.24747805703702852,-627.7670501881482,-57.058592149382676,-625.0790501881481,-56.83459214938267,-681.9136423375307,-684.8256423375309,110.224,True,4
2025-07-09T16:00:00+00:00,SPX,2025-07-07,6244.37,RANGE,ADJUSTED,0.28524631938262246,-627.7670501881482,-56.77334583000001,-625.0790501881481,-56.54934583000001,-681.6283960181481,-684.5403960181483,110.224,True,4
2025-07-09T16:30:00+00:00,SPX,2025-07-07,6242.26,RANGE,ADJUSTED,-0.14352911222215425,-627.7670501881482,-56.916874942222194,-625.0790501881481,-56.69287494222219,-681.7719251303703,-684.6839251303704,110.224,True,4
2025-07-09T17:00:00+00:00,SPX,2025-07-07,6241.41,RANGE,ADJUSTED,0.004376746543130139,-627.7670501881482,-56.912498195679035,-625.0790501881481,-56.688498195679024,-681.7675483838271,-684.6795483838273,110.224,True,4
2025-07-09T17:30:00+00:00,SPX,2025-07-07,6244.31,RANGE,ADJUSTED,0.45166955641980167,-627.7670501881482,-56.46082863925922,-625.0790501881481,-56.236828639259215,-681.3158788274073,-684.2278788274075,110.224,True,4
2025-07-09T18:00:00+00:00,SPX,2025-07-07,6249.73,RANGE,ADJUSTED,0.7568468314814254,-627.7670501881482,-55.703981807777836,-625.0790501881481,-55.479981807777826,-680.5590319959259,-683.4710319959261,110.224,True,4
2025-07-09T18:30:00+00:00,SPX,2025-07-07,6251.72,RANGE,ADJUSTED,-0.065515183827074,-627.7670501881482,-55.76949699160497,-625.0790501881481,-55.54549699160496,-680.6245471797531,-683.5365471797531,110.224,True,4
2025-07-09T19:00:00+00:00,SPX,2025-07-07,6256.36,RANGE,ADJUSTED,-0.45277224395056237,-627.7670501881482,-56.222269235555515,-625.0790501881481,-55.99826923555551,-681.0773194237037,-683.9893194237037,110.224,True,4
2025-07-09T19:30:00+00:00,SPX,2025-07-07,6258.03,RANGE,ADJUSTED,-0.09659931382725517,-627.7670501881482,-56.318868549382685,-625.0790501881481,-56.09486854938268,-681.1739187375308,-684.085918737531,110.224,True,4
2025-07-09T20:00:00+00:00,SPX,2025-07-07,6262.27,RANGE,ADJUSTED,-0.4115744776544261,-627.7670501881482,-56.7304430270371,-625.0790501881481,-56.50644302703709,-681.5854932151852,-684.4974932151854,110.224,True,4
2025-07-10T13:30:00+00:00,SPX,2025-07-07,6259.69,RANGE,ADJUSTED,3.975227410000116,-627.7670501881482,-52.75521561703698,-625.0790501881481,-52.53121561703698,-677.6102658051851,-680.5222658051853,110.224,True,4
2025-07-10T14:00:00+00:00,SPX,2025-07-07,6253.91,RANGE,ADJUSTED,0.9104069998766136,-627.7670501881482,-51.84480861716048,-625.0790501881481,-51.62080861716047,-676.6998588053086,-679.6118588053087,110.224,True,4
2025-07-10T14:30:00+00:00,SPX,2025-07-07,6261.66,RANGE,ADJUSTED,-0.9768305650617322,-627.7670501881482,-52.8216391822222,-625.0790501881481,-52.597639182222196,-677.6766893703704,-680.5886893703704,110.224,True,4
2025-07-10T15:00:00+00:00,SPX,2025-07-07,6273.28,RANGE,ADJUSTED,-1.5276545614815404,-627.7670501881482,-54.34929374370367,-625.0790501881481,-54.125293743703665,-679.2043439318518,-682.1163439318519,110.224,True,4
2025-07-10T15:30:00+00:00,SPX,2025-07-07,6275.88,RANGE,ADJUSTED,-0.2682785328395312,-627.7670501881482,-54.61757227654323,-625.0790501881481,-54.393572276543225,-679.4726224646913,-682.3846224646915,110.224,True,4
2025-07-10T16:00:00+00:00,SPX,2025-07-07,6277.97,RANGE,ADJUSTED,-0.19871206530865493,-627.7670501881482,-54.8162843418519,-625.0790501881481,-54.59228434185189,-679.67133453,-682.5833345300001,110.224,True,4
2025-07-10T16:30:00+00:00,SPX,2025-07-07,6276.07,RANGE,ADJUSTED,0.3652130248149206,-627.7670501881482,-54.45107131703699,-625.0790501881481,-54.22707131703699,-679.3061215051852,-682.2181215051852,110.224,True,4
2025-07-10T17:00:00+00:00,SPX,2025-07-07,6279.31,RANGE,ADJUSTED,-0.3645135225926879,-627.7670501881482,-54.81558483962969,-625.0790501881481,-54.59158483962968,-679.6706350277778,-682.5826350277779,110.224,True,4
2025-07-10T17:30:00+00:00,SPX,2025-07-07,6285.47,RANGE,ADJUSTED,-0.7846811907407982,-627.7670501881482,-55.600266030370406,-625.0790501881481,-55.3762660303704,-680.4553162185185,-683.3673162185187,110.224,True,4
2025-07-10T18:00:00+00:00,SPX,2025-07-07,6287.5,RANGE,ADJUSTED,-0.19883350666657407,-627.7670501881482,-55.79909953703704,-625.0790501881481,-55.57509953703703,-680.6541497251851,-683.5661497251853,110.224,True,4
2025-07-10T18:30:00+00:00,SPX,2025-07-07,6285.91,RANGE,ADJUSTED,0.3197016614815311,-627.7670501881482,-55.479397875555534,-625.0790501881481,-55.25539787555553,-680.3344480637037,-683.2464480637037,110.224,True,4
2025-07-10T19:00:00+00:00,SPX,2025-07-07,6284.83,RANGE,ADJUSTED,0.24766750555545514,-627.7670501881482,-55.231730369999994,-625.0790501881481,-55.00773036999999,-680.0867805581481,-682.9987805581483,110.224,True,4
2025-07-10T19:30:00+00:00,SPX,2025-07-07,6285.51,RANGE,ADJUSTED,-0.0060574949383180865,-627.7670501881482,-55.23778786493831,-625.0790501881481,-55.0137878649383,-680.0928380530864,-683.0048380530866,110.224,True,4
2025-07-10T20:00:00+00:00,SPX,2025-07-07,6280.14,RANGE,ADJUSTED,0.8720072424691807,-627.7670501881482,-54.36578062246919,-625.0790501881481,-54.141780622469184,-679.2208308106174,-682.1328308106174,110.224,True,4
2025-07-11T13:30:00+00:00,SPX,2025-07-07,6247.94,RANGE,EXITED,7.812826796789977,-674.3200040138274,0.0,-671.3520040138272,0.0,-671.3520040138272,-674.3200040138274,0.0,False,0
2025-07-11T14:00:00+00:00,SPX,2025-07-07,6253.65,RANGE,EXITED,0.0,-674.3200040138274,0.0,-671.3520040138272,0.0,-671.3520040138272,-674.3200040138274,0.0,False,0
2025-07-11T14:30:00+00:00,SPX,2025-07-07,6264.39,RANGE,EXITED,0.0,-674.3200040138274,0.0,-671.3520040138272,0.0,-671.3520040138272,-674.3200040138274,0.0,False,0
2025-07-11T15:00:00+00:00,SPX,2025-07-07,6258.67,RANGE,EXITED,0.0,-674.3200040138274,0.0,-671.3520040138272,0.0,-671.3520040138272,-674.3200040138274,0.0,False,0
2025-07-11T15:30:00+00:00,SPX,2025-07-07,6258.52,RANGE,EXITED,0.0,-674.3200040138274,0.0,-671.3520040138272,0.0,-671.3520040138272,-674.3200040138274,0.0,False,0
2025-07-11T16:00:00+00:00,SPX,2025-07-07,6255.76,RANGE,EXITED,0.0,-674.3200040138274,0.0,-671.3520040138272,0.0,-671.3520040138272,-674.3200040138274,0.0,False,0
2025-07-11T16:30:00+00:00,SPX,2025-07-07,6260.15,RANGE,EXITED,0.0,-674.3200040138274,0.0,-671.3520040138272,0.0,-671.3520040138272,-674.3200040138274,0.0,False,0
2025-07-11T17:00:00+00:00,SPX,2025-07-07,6265.15,RANGE,EXITED,0.0,-674.3200040138274,0.0,-671.3520040138272,0.0,-671.3520040138272,-674.3200040138274,0.0,False,0
2025-07-11T17:30:00+00:00,SPX,2025-07-07,6264.63,RANGE,EXITED,0.0,-674.3200040138274,0.0,-671.3520040138272,0.0,-671.3520040138272,-674.3200040138274,0.0,False,0
2025-07-11T18:00:00+00:00,SPX,2025-07-07,6265.24,RANGE,EXITED,0.0,-674.3200040138274,0.0,-671.3520040138272,0.0,-671.3520040138272,-674.3200040138274,0.0,False,0
2025-07-11T18:30:00+00:00,SPX,2025-07-07,6266.29,RANGE,EXITED,0.0,-674.3200040138274,0.0,-671.3520040138272,0.0,-671.3520040138272,-674.3200040138274,0.0,False,0
2025-07-11T19:00:00+00:00,SPX,2025-07-07,6259.58,RANGE,EXITED,0.0,-674.3200040138274,0.0,-671.3520040138272,0.0,-671.3520040138272,-674.3200040138274,0.0,False,0
2025-07-11T19:30:00+00:00,SPX,2025-07-07,6266.26,RANGE,EXITED,0.0,-674.3200040138274,0.0,-671.3520040138272,0.0,-671.3520040138272,-674.3200040138274,0.0,False,0
2025-07-11T20:00:00+00:00,SPX,2025-07-07,6258.35,RANGE,EXITED,0.0,-674.3200040138274,0.0,-671.3520040138272,0.0,-671.3520040138272,-674.3200040138274,0.0,False,0
2025-07-14T13:30:00+00:00,SPX,2025-07-14,6249.15,RANGE,IDLE,0.0,-674.3200040138274,0.0,-671.3520040138272,0.0,-671.3520040138272,-674.3200040138274,0.0,False,0
2025-07-14T14:00:00+00:00,SPX,2025-07-14,6249.3,RANGE,ACTIVE,-82.668,-674.3200040138274,-82.668,-671.3520040138272,-82.5,-753.8520040138272,-756.9880040138274,82.668,False,3
2025-07-14T14:30:00+00:00,SPX,2025-07-14,6247.28,RANGE,ADJUSTED,15.579313493333416,-674.3200040138274,-67.08868650666665,-671.3520040138272,-66.86468650666664,-738.2166905204939,-741.408690520494,110.224,True,4
2025-07-14T15:00:00+00:00,SPX,2025-07-14,6256.39,RANGE,ADJUSTED,-0.5334821704939259,-674.3200040138274,-67.62216867716052,-671.3520040138272,-67.39816867716051,-738.7501726909877,-741.942172690988,110.224,True,4
2025-07-14T15:30:00+00:00,SPX,2025-07-14,6261.5,RANGE,ADJUSTED,-0.2586458043209632,-674.3200040138274,-67.88081448148148,-671.3520040138272,-67.65681448148148,-739.0088184953087,-742.2008184953089,110.224,True,4
2025-07-14T16:00:00+00:00,SPX,2025-07-14,6262.41,RANGE,ADJUSTED,0.03630125074073476,-674.3200040138274,-67.84451323074073,-671.3520040138272,-67.62051323074073,-738.9725172445679,-742.1645172445682,110.224,True,4
2025-07-14T16:30:00+00:00,SPX,2025-07-14,6259.18,RANGE,ADJUSTED,0.33305535320982926,-674.3200040138274,-67.51145787753089,-671.3520040138272,-67.28745787753088,-738.6394618913581,-741.8314618913583,110.224,True,4
2025-07-14T17:00:00+00:00,SPX,2025-07-14,6268.31,RANGE,ADJUSTED,-0.5584116524690899,-674.3200040138274,-68.06986953000003,-671.3520040138272,-67.84586953000003,-739.1978735438273,-742.3898735438274,110.224,True,4
2025-07-14T17:30:00+00:00,SPX,2025-07-14,6270.14,RANGE,ADJUSTED,-0.03536858111112906,-674.3200040138274,-68.10523811111113,-671.3520040138272,-67.88123811111113,-739.2332421249383,-742.4252421249386,110.224,True,4
2025-07-14T18:00:00+00:00,SPX,2025-07-14,6269.74,RANGE,ADJUSTED,0.12642531135804802,-674.3200040138274,-67.97881279975307,-671.3520040138272,-67.75481279975307,-739.1068168135803,-742.2988168135805,110.224,True,4
2025-07-14T18:30:00+00:00,SPX,2025-07-14,6272.97,RANGE,ADJUSTED,-0.14121201111117898,-674.3200040138274,-68.12002481086422,-671.3520040138272,-67.89602481086422,-739.2480288246915,-742.4400288246917,110.224,True,4
2025-07-14T19:00:00+00:00,SPX,2025-07-14,6271.9,RANGE,ADJUSTED,0.175235021975368,-674.3200040138274,-67.94478978888887,-671.3520040138272,-67.72078978888885,-739.0727938027161,-742.2647938027163,110.224,True,4
2025-07-14T19:30:00+00:00,SPX,2025-07-14,6266.68,RANGE,ADJUSTED,0.4867272476543576,-674.3200040138274,-67.4580625412346,-671.3520040138272,-67.23406254123458,-738.5860665550618,-741.778066555062,110.224,True,4
2025-07-14T20:00:00+00:00,SPX,2025-07-14,6268.11,RANGE,ADJUSTED,-0.008904080370371048,-674.3200040138274,-67.46696662160491,-671.3520040138272,-67.24296662160491,-738.5949706354321,-741.7869706354323,110.224,True,4
2025-07-15T13:30:00+00:00,SPX,2025-07-14,6290.18,RANGE,ADJUSTED,1.3955312216048696,-674.3200040138274,-66.07143540000003,-671.3520040138272,-65.84743540000002,-737.1994394138272,-740.3914394138275,110.224,True,4
2025-07-15T14:00:00+00:00,SPX,2025-07-14,6275.76,RANGE,ADJUSTED,1.425255208395015,-674.3200040138274,-64.64618019160497,-671.3520040138272,-64.42218019160495,-735.7741842054322,-738.9661842054325,110.224,True,4
2025-07-15T14:30:00+00:00,SPX,2025-07-14,6275.04,RANGE,ADJUSTED,0.16150729086427873,-674.3200040138274,-64.48467290074075,-671.3520040138272,-64.26067290074073,-735.6126769145679,-738.8046769145682,110.224,True,4
2025-07-15T15:00:00+00:00,SPX,2025-07-14,6264.02,RANGE,ADJUSTED,1.1278598955555026,-674.3200040138274,-63.35681300518523,-671.3520040138272,-63.13281300518523,-734.4848170190124,-737.6768170190127,110.224,True,4
2025-07-15T15:30:00+00:00,SPX,2025-07-14,6268.12,RANGE,ADJUSTED,-0.2863198609876463,-674.3200040138274,-63.643132866172834,-671.3520040138272,-63.41913286617282,-734.7711368800001,-737.9631368800003,110.224,True,4
2025-07-15T16:00:00+00:00,SPX,2025-07-14,6269.83,RANGE,ADJUSTED,-0.06391215790119986,-674.3200040138274,-63.70704502407406,-671.3520040138272,-63.48304502407406,-734.8350490379013,-738.0270490379015,110.224,True,4
2025-07-15T16:30:00+00:00,SPX,2025-07-14,6263.69,RANGE,ADJUSTED,0.6818252181482194,-674.3200040138274,-63.025219805925886,-671.3520040138272,-62.80121980592588,-734.1532238197531,-737.3452238197533,110.224,True,4
2025-07-15T17:00:00+00:00,SPX,2025-07-14,6255.69,RANGE,ADJUSTED,0.8657845872838834,-674.3200040138274,-62.159435218641946,-671.3520040138272,-61.935435218641935,-733.2874392324692,-736.4794392324694,110.224,True,4
2025-07-15T17:30:00+00:00,SPX,2025-07-14,6261.43,RANGE,ADJUSTED,-0.4479777391358084,-674.3200040138274,-62.60741295777781,-671.3520040138272,-62.38341295777781,-733.735416971605,-736.9274169716052,110.224,True,4
2025-07-15T18:00:00+00:00,SPX,2025-07-14,6266.64,RANGE,ADJUSTED,-0.40232064617282504,-674.3200040138274,-63.00973360395065,-671.3520040138272,-62.785733603950646,-734.1377376177779,-737.329737617778,110.224,True,4
2025-07-15T18:30:00+00:00,SPX,2025-07-14,6268.99,RANGE,ADJUSTED,-0.1295244948147456,-674.3200040138274,-63.13925809876541,-671.3520040138272,-62.915258098765406,-734.2672621125927,-737.4592621125928,110.224,True,4
2025-07-15T19:00:00+00:00,SPX,2025-07-14,6257.3,RANGE,ADJUSTED,1.2390418876542526,-674.3200040138274,-61.90021621111113,-671.3520040138272,-61.676216211111125,-733.0282202249384,-736.2202202249385,110.224,True,4
2025-07-15T19:30:00+00:00,SPX,2025-07-14,6253.36,RANGE,ADJUSTED,0.48993329950621956,-674.3200040138274,-61.41028291160491,-671.3520040138272,-61.186282911604906,-732.5382869254322,-735.7302869254323,110.224,True,4
2025-07-15T20:00:00+00:00,SPX,2025-07-14,6243.1,RANGE,ADJUSTED,0.7422592955555274,-674.3200040138274,-60.668023616049354,-671.3520040138272,-60.44402361604935,-731.7960276298766,-734.9880276298768,110.224,True,4
2025-07-16T13:30:00+00:00,SPX,2025-07-14,6255.82,RANGE,ADJUSTED,2.761838794814821,-674.3200040138274,-57.90618482123453,-671.3520040138272,-57.68218482123453,-729.0341888350617,-732.226188835062,110.224,True,4
2025-07-16T14:00:00+00:00,SPX,2025-07-14,6244.19,RANGE,ADJUSTED,1.2661816023455685,-674.3200040138274,-56.640003218888936,-671.3520040138272,-56.41600321888893,-727.7680072327162,-730.9600072327164,110.224,True,4
2025-07-16T14:30:00+00:00,SPX,2025-07-14,6247.43,RANGE,ADJUSTED,-0.07996184777766757,-674.3200040138274,-56.7199650666667,-671.3520040138272,-56.4959650666667,-727.847969080494,-731.0399690804941,110.224,True,4
2025-07-16T15:00:00+00:00,SPX,2025-07-14,6247.65,RANGE,ADJUSTED,0.08236152901235982,-674.3200040138274,-56.63760353765427,-671.3520040138272,-56.41360353765427,-727.7656075514815,-730.9576075514817,110.224,True,4
2025-07-16T15:30:00+00:00,SPX,2025-07-14,6214.69,RANGE,ADJUSTED,-3.143567844321069,-674.3200040138274,-59.781171381975355,-671.3520040138272,-59.55717138197535,-730.9091753958025,-734.1011753958028,110.224,True,4
2025-07-16T16:00:00+00:00,SPX,2025-07-14,6236.7,RANGE,ADJUSTED,2.692656081975315,-674.3200040138274,-57.088515300000026,-671.3520040138272,-56.86451530000002,-728.2165193138272,-731.4085193138275,110.224,True,4
2025-07-16T16:30:00+00:00,SPX,2025-07-14,6239.43,RANGE,ADJUSTED,0.42884343876551156,-674.3200040138274,-56.65967186123454,-671.3520040138272,-56.43567186123453,-727.7876758750617,-730.979675875062,110.224,True,4
2025-07-16T17:00:00+00:00,SPX,2025-07-14,6253.02,RANGE,ADJUSTED,-0.18498919185196883,-674.3200040138274,-56.84466105308647,-671.3520040138272,-56.620661053086465,-727.9726650669137,-731.1646650669139,110.224,True,4
2025-07-16T17:30:00+00:00,SPX,2025-07-14,6250.53,RANGE,ADJUSTED,0.40295214123466394,-674.3200040138274,-56.44170891185182,-671.3520040138272,-56.217708911851815,-727.569712925679,-730.7617129256793,110.224,True,4
2025-07-16T18:00:00+00:00,SPX,2025-07-14,6254.35,RANGE,ADJUSTED,-0.35172817641978327,-674.3200040138274,-56.793437088271645,-671.3520040138272,-56.56943708827164,-727.9214411020989,-731.113441102099,110.224,True,4
2025-07-16T18:30:00+00:00,SPX,2025-07-14,6256.72,RANGE,ADJUSTED,-0.18075817493831892,-674.3200040138274,-56.97419526320991,-671.3520040138272,-56.7501952632099,-728.1021992770371,-731.2941992770374,110.224,True,4
2025-07-16T19:00:00+00:00,SPX,2025-07-14,6261.9,RANGE,ADJUSTED,-0.5229459182714891,-674.3200040138274,-57.49714118148144,-671.3520040138272,-57.273141181481435,-728.6251451953087,-731.8171451953089,110.224,True,4
2025-07-16T19:30:00+00:00,SPX,2025-07-14,6260.84,RANGE,ADJUSTED,0.22981562592588034,-674.3200040138274,-57.26732555555557,-671.3520040138272,-57.04332555555557,-728.3953295693829,-731.587329569383,110.224,True,4
2025-07-16T20:00:00+00:00,SPX,2025-07-14,6263.58,RANGE,ADJUSTED,-0.23247762049379617,-674.3200040138274,-57.49980317604938,-671.3520040138272,-57.27580317604938,-728.6278071898766,-731.8198071898768,110.224,True,4
2025-07-17T13:30:00+00:00,SPX,2025-07-14,6266.62,RANGE,ADJUSTED,3.0871656199999506,-674.3200040138274,-54.412637556049376,-671.3520040138272,-54.188637556049365,-725.5406415698766,-728.7326415698768,110.224,True,4
2025-07-17T14:00:00+00:00,SPX,2025-07-14,6282.69,RANGE,ADJUSTED,-2.1415989181481336,-674.3200040138274,-56.55423647419748,-671.3520040138272,-56.33023647419747,-727.6822404880247,-730.874240488025,110.224,True,4
2025-07-17T14:30:00+00:00,SPX,2025-07-14,6278.5,RANGE,ADJUSTED,0.6771715853086562,-674.3200040138274,-55.877064888888896,-671.3520040138272,-55.65306488888889,-727.0050689027162,-730.1970689027163,110.224,True,4
2025-07-17T15:00:00+00:00,SPX,2025-07-14,6282.01,RANGE,ADJUSTED,-0.39973151641981985,-674.3200040138274,-56.27679640530867,-671.3520040138272,-56.05279640530867,-727.4048004191359,-730.5968004191361,110.224,True,4
2025-07-17T15:30:00+00:00,SPX,2025-07-14,6287.56,RANGE,ADJUSTED,-0.6905204193827785,-674.3200040138274,-56.96731682469142,-671.3520040138272,-56.74331682469141,-728.0953208385187,-731.2873208385189,110.224,True,4
2025-07-17T16:00:00+00:00,SPX,2025-07-14,6295.05,RANGE,ADJUSTED,-0.9701464327159783,-674.3200040138274,-57.93746325740743,-671.3520040138272,-57.713463257407426,-729.0654672712346,-732.2574672712349,110.224,True,4
2025-07-17T16:30:00+00:00,SPX,2025-07-14,6289.37,RANGE,ADJUSTED,0.8906557774074599,-674.3200040138274,-57.046807479999984,-671.3520040138272,-56.82280747999998,-728.1748114938272,-731.3668114938274,110.224,True,4
2025-07-17T17:00:00+00:00,SPX,2025-07-14,6290.37,RANGE,ADJUSTED,-0.05458546160491551,-674.3200040138274,-57.10139294160493,-671.3520040138272,-56.877392941604924,-728.2293969554322,-731.4213969554323,110.224,True,4
2025-07-17T17:30:00+00:00,SPX,2025-07-14,6292.39,RANGE,ADJUSTED,-0.20122833024697684,-674.3200040138274,-57.302621271851905,-671.3520040138272,-57.0786212718519,-728.4306252856792,-731.6226252856793,110.224,True,4
2025-07-17T18:00:00+00:00,SPX,2025-07-14,6295.07,RANGE,ADJUSTED,-0.2977693522221898,-674.3200040138274,-57.60039062407404,-671.3520040138272,-57.376390624074034,-728.7283946379013,-731.9203946379015,110.224,True,4
2025-07-17T18:30:00+00:00,SPX,2025-07-14,6298.94,RANGE,ADJUSTED,-0.4714790707406564,-674.3200040138274,-58.071869694814765,-671.3520040138272,-57.847869694814754,-729.199873708642,-732.3918737086422,110.224,True,4
2025-07-17T19:00:00+00:00,SPX,2025-07-14,6304.15,RANGE,ADJUSTED,-0.6685638218518761,-674.3200040138274,-58.74043351666661,-671.3520040138272,-58.51643351666661,-729.8684375304938,-733.060437530494,110.224,True,4
2025-07-17T19:30:00+00:00,SPX,2025-07-14,6301.86,RANGE,ADJUSTED,0.41206024308644373,-674.3200040138274,-58.3283732735802,-671.3520040138272,-58.104373273580194,-729.4563772874075,-732.6483772874076,110.224,True,4
2025-07-17T20:00:00+00:00,SPX,2025-07-14,6299.02,RANGE,ADJUSTED,0.49416917407393157,-674.3200040138274,-57.83420409950624,-671.3520040138272,-57.610204099506234,-728.9622081133334,-732.1542081133337,110.224,True,4
2025-07-18T13:30:00+00:00,SPX,2025-07-14,6309.9,RANGE,EXITED,1.0857333562962594,-731.0684747570374,0.0,-727.820474757037,0.0,-727.820474757037,-731.0684747570374,0.0,False,0
2025-07-18T14:00:00+00:00,SPX,2025-07-14,6306.15,RANGE,EXITED,0.0,-731.0684747570374,0.0,-727.820474757037,0.0,-727.820474757037,-731.0684747570374,0.0,False,0
2025-07-18T14:30:00+00:00,SPX,2025-07-14,6297.37,RANGE,EXITED,0.0,-731.0684747570374,0.0,-727.820474757037,0.0,-727.820474757037,-731.0684747570374,0.0,False,0
2025-07-18T15:00:00+00:00,SPX,2025-07-14,6292.82,RANGE,EXITED,0.0,-731.0684747570374,0.0,-727.820474757037,0.0,-727.820474757037,-731.0684747570374,0.0,False,0
2025-07-18T15:30:00+00:00,SPX,2025-07-14,6298.92,RANGE,EXITED,0.0,-731.0684747570374,0.0,-727.820474757037,0.0,-727.820474757037,-731.0684747570374,0.0,False,0
2025-07-18T16:00:00+00:00,SPX,2025-07-14,6298.67,RANGE,EXITED,0.0,-731.0684747570374,0.0,-727.820474757037,0.0,-727.820474757037,-731.0684747570374,0.0,False,0
2025-07-18T16:30:00+00:00,SPX,2025-07-14,6287.57,RANGE,EXITED,0.0,-731.0684747570374,0.0,-727.820474757037,0.0,-727.820474757037,-731.0684747570374,0.0,False,0
2025-07-18T17:00:00+00:00,SPX,2025-07-14,6287.21,RANGE,EXITED,0.0,-731.0684747570374,0.0,-727.820474757037,0.0,-727.820474757037,-731.0684747570374,0.0,False,0
2025-07-18T17:30:00+00:00,SPX,2025-07-14,6293.71,RANGE,EXITED,0.0,-731.0684747570374,0.0,-727.820474757037,0.0,-727.820474757037,-731.0684747570374,0.0,False,0
2025-07-18T18:00:00+00:00,SPX,2025-07-14,6293.87,RANGE,EXITED,0.0,-731.0684747570374,0.0,-727.820474757037,0.0,-727.820474757037,-731.0684747570374,0.0,False,0
2025-07-18T18:30:00+00:00,SPX,2025-07-14,6291.62,RANGE,EXITED,0.0,-731.0684747570374,0.0,-727.820474757037,0.0,-727.820474757037,-731.0684747570374,0.0,False,0
2025-07-18T19:00:00+00:00,SPX,2025-07-14,6291.6,RANGE,EXITED,0.0,-731.0684747570374,0.0,-727.820474757037,0.0,-727.820474757037,-731.0684747570374,0.0,False,0
2025-07-18T19:30:00+00:00,SPX,2025-07-14,6291.39,RANGE,EXITED,0.0,-731.0684747570374,0.0,-727.820474757037,0.0,-727.820474757037,-731.0684747570374,0.0,False,0
2025-07-18T20:00:00+00:00,SPX,2025-07-14,6296.68,RANGE,EXITED,0.0,-731.0684747570374,0.0,-727.820474757037,0.0,-727.820474757037,-731.0684747570374,0.0,False,0
2025-07-21T13:30:00+00:00,SPX,2025-07-21,6312.06,RANGE,IDLE,0.0,-731.0684747570374,0.0,-727.820474757037,0.0,-727.820474757037,-731.0684747570374,0.0,False,0
2025-07-21T14:00:00+00:00,SPX,2025-07-21,6329.87,RANGE,ACTIVE,-82.668,-731.0684747570374,-82.668,-727.820474757037,-82.5,-810.320474757037,-813.7364747570374,82.668,False,3
2025-07-21T14:30:00+00:00,SPX,2025-07-21,6331.09,RANGE,ADJUSTED,15.662554257777742,-731.0684747570374,-67.00544574222224,-727.820474757037,-66.78144574222223,-794.6019204992592,-798.0739204992597,110.224,True,4
2025-07-21T15:00:00+00:00,SPX,2025-07-21,6331.41,RANGE,ADJUSTED,0.08622822185191126,-731.0684747570374,-66.91921752037037,-727.820474757037,-66.69521752037036,-794.5156922774074,-797.9876922774077,110.224,True,4
2025-07-21T15:30:00+00:00,SPX,2025-07-21,6335.55,RANGE,ADJUSTED,-0.18500376481483727,-731.0684747570374,-67.1042212851852,-727.820474757037,-66.8802212851852,-794.7006960422223,-798.1726960422226,110.224,True,4
2025-07-21T16:00:00+00:00,SPX,2025-07-21,6331.76,RANGE,ADJUSTED,0.3772357192592608,-731.0684747570374,-66.72698556592594,-727.820474757037,-66.50298556592594,-794.323460322963,-797.7954603229633,110.224,True,4
2025-07-21T16:30:00+00:00,SPX,2025-07-21,6331.0,RANGE,ADJUSTED,0.1630811708641886,-731.0684747570374,-66.56390439506173,-727.820474757037,-66.33990439506172,-794.1603791520987,-797.6323791520991,110.224,True,4
2025-07-21T17:00:00+00:00,SPX,2025-07-21,6334.8,RANGE,ADJUSTED,-0.16622893086423574,-731.0684747570374,-66.73013332592593,-727.820474757037,-66.50613332592593,-794.3266080829629,-797.7986080829634,110.224,True,4
2025-07-21T17:30:00+00:00,SPX,2025-07-21,6335.27,RANGE,ADJUSTED,0.07271908518521286,-731.0684747570374,-66.65741424074078,-727.820474757037,-66.43341424074077,-794.2538889977777,-797.7258889977782,110.224,True,4
2025-07-21T18:00:00+00:00,SPX,2025-07-21,6332.56,RANGE,ADJUSTED,0.3055173108641611,-731.0684747570374,-66.35189692987657,-727.820474757037,-66.12789692987657,-793.9483716869136,-797.420371686914,110.224,True,4
2025-07-21T18:30:00+00:00,SPX,2025-07-21,6331.11,RANGE,ADJUSTED,0.21511636395075584,-731.0684747570374,-66.1367805659259,-727.820474757037,-65.9127805659259,-793.7332553229629,-797.2052553229632,110.224,True,4
2025-07-21T19:00:00+00:00,SPX,2025-07-21,6321.95,RANGE,ADJUSTED,-0.40703742851860625,-731.0684747570374,-66.54381799444445,-727.820474757037,-66.31981799444445,-794.1402927514814,-797.6122927514818,110.224,True,4
2025-07-21T19:30:00+00:00,SPX,2025-07-21,6314.63,RANGE,ADJUSTED,-0.44220684580250236,-731.0684747570374,-66.98602484024691,-727.820474757037,-66.76202484024691,-794.5824995972839,-798.0544995972843,110.224,True,4
2025-07-21T20:00:00+00:00,SPX,2025-07-21,6307.46,RANGE,ADJUSTED,-0.4380244054320883,-731.0684747570374,-67.42404924567902,-727.820474757037,-67.200049245679,-795.020524002716,-798.4925240027164,110.224,True,4
2025-07-22T13:30:00+00:00,SPX,2025-07-21,6304.03,RANGE,ADJUSTED,3.12560909629633,-731.0684747570374,-64.29844014938274,-727.820474757037,-64.07444014938274,-791.8949149064198,-795.3669149064201,110.224,True,4
2025-07-22T14:00:00+00:00,SPX,2025-07-21,6285.59,RANGE,ADJUSTED,-1.61420338851849,-731.0684747570374,-65.91264353790122,-727.820474757037,-65.68864353790121,-793.5091182949382,-796.9811182949386,110.224,True,4
2025-07-22T14:30:00+00:00,SPX,2025-07-21,6295.41,RANGE,ADJUSTED,1.0036059556789496,-731.0684747570374,-64.90903758222224,-727.820474757037,-64.68503758222224,-792.5055123392592,-795.9775123392596,110.224,True,4
2025-07-22T15:00:00+00:00,SPX,2025-07-21,6298.36,RANGE,ADJUSTED,0.3690651446913762,-731.0684747570374,-64.53997243753089,-727.820474757037,-64.31597243753089,-792.1364471945678,-795.6084471945683,110.224,True,4
2025-07-22T15:30:00+00:00,SPX,2025-07-21,6300.38,RANGE,ADJUSTED,0.28428936148145567,-731.0684747570374,-64.25568307604938,-727.820474757037,-64.03168307604938,-791.8521578330864,-795.3241578330868,110.224,True,4
2025-07-22T16:00:00+00:00,SPX,2025-07-21,6297.33,RANGE,ADJUSTED,-0.19400014061727688,-731.0684747570374,-64.44968321666667,-727.820474757037,-64.22568321666667,-792.0461579737037,-795.5181579737041,110.224,True,4
2025-07-22T16:30:00+00:00,SPX,2025-07-21,6295.6,RANGE,ADJUSTED,-0.07128607716038005,-731.0684747570374,-64.52096929382712,-727.820474757037,-64.29696929382712,-792.1174440508642,-795.5894440508645,110.224,True,4
2025-07-22T17:00:00+00:00,SPX,2025-07-21,6299.74,RANGE,ADJUSTED,0.4887674624690135,-731.0684747570374,-64.03220183135805,-727.820474757037,-63.80820183135804,-791.628676588395,-795.1006765883955,110.224,True,4
2025-07-22T17:30:00+00:00,SPX,2025-07-21,6310.25,RANGE,ADJUSTED,1.1054661091358184,-731.0684747570374,-62.92673572222222,-727.820474757037,-62.702735722222215,-790.5232104792592,-793.9952104792596,110.224,True,4
2025-07-22T18:00:00+00:00,SPX,2025-07-21,6305.84,RANGE,ADJUSTED,-0.32659953061727265,-731.0684747570374,-63.25333525283949,-727.820474757037,-63.02933525283949,-790.8498100098765,-794.3218100098769,110.224,True,4
2025-07-22T18:30:00+00:00,SPX,2025-07-21,6308.76,RANGE,ADJUSTED,0.38124814172840615,-731.0684747570374,-62.8720871111111,-727.820474757037,-62.64808711111109,-790.4685618681481,-793.9405618681485,110.224,True,4
2025-07-22T19:00:00+00:00,SPX,2025-07-21,6312.49,RANGE,ADJUSTED,0.46317248185187054,-731.0684747570374,-62.408914629259286,-727.820474757037,-62.18491462925928,-790.0053893862963,-793.4773893862966,110.224,True,4
2025-07-22T19:30:00+00:00,SPX,2025-07-21,6312.88,RANGE,ADJUSTED,0.13906007024684186,-731.0684747570374,-62.269854559012344,-727.820474757037,-62.045854559012334,-789.8663293160494,-793.3383293160498,110.224,True,4
2025-07-22T20:00:00+00:00,SPX,2025-07-21,6309.13,RANGE,ADJUSTED,-0.2688080171603815,-731.0684747570374,-62.53866257617284,-727.820474757037,-62.31466257617283,-790.1351373332099,-793.6071373332102,110.224,True,4
2025-07-23T13:30:00+00:00,SPX,2025-07-21,6332.57,RANGE,ADJUSTED,5.586278180864156,-731.0684747570374,-56.95238439530861,-727.820474757037,-56.7283843953086,-784.5488591523456,-788.020859152346,110.224,True,4
2025-07-23T14:00:00+00:00,SPX,2025-07-21,6320.83,RANGE,ADJUSTED,-0.6581975875309354,-731.0684747570374,-57.61058198283952,-727.820474757037,-57.38658198283951,-785.2070567398765,-788.679056739877,110.224,True,4
2025-07-23T14:30:00+00:00,SPX,2025-07-21,6322.32,RANGE,ADJUSTED,0.27855247172840336,-731.0684747570374,-57.332029511111145,-727.820474757037,-57.10802951111114,-784.9285042681481,-788.4005042681486,110.224,True,4
2025-07-23T15:00:00+00:00,SPX,2025-07-21,6326.57,RANGE,ADJUSTED,0.6031117875309064,-731.0684747570374,-56.72891772358028,-727.820474757037,-56.50491772358028,-784.3253924806173,-787.7973924806176,110.224,True,4
2025-07-23T15:30:00+00:00,SPX,2025-07-21,6328.38,RANGE,ADJUSTED,0.3204060213580533,-731.0684747570374,-56.408511702222214,-727.820474757037,-56.18451170222221,-784.0049864592593,-787.4769864592596,110.224,True,4
2025-07-23T16:00:00+00:00,SPX,2025-07-21,6345.64,RANGE,ADJUSTED,-1.5464245377778525,-731.0684747570374,-57.95493624000004,-727.820474757037,-57.730936240000034,-785.551410997037,-789.0234109970374,110.224,True,4
2025-07-23T16:30:00+00:00,SPX,2025-07-21,6334.55,RANGE,ADJUSTED,1.4161616795062173,-731.0684747570374,-56.53877456049385,-727.820474757037,-56.314774560493845,-784.1352493175309,-787.6072493175312,110.224,True,4
2025-07-23T17:00:00+00:00,SPX,2025-07-21,6342.04,RANGE,ADJUSTED,-0.7843168666666998,-731.0684747570374,-57.32309142716049,-727.820474757037,-57.09909142716049,-784.9195661841975,-788.3915661841979,110.224,True,4
2025-07-23T17:30:00+00:00,SPX,2025-07-21,6343.0,RANGE,ADJUSTED,-0.011269758024695875,-731.0684747570374,-57.33436118518519,-727.820474757037,-57.110361185185184,-784.9308359422222,-788.4028359422226,110.224,True,4
2025-07-23T18:00:00+00:00,SPX,2025-07-21,6348.86,RANGE,ADJUSTED,-0.6001243301233217,-731.0684747570374,-57.93448551530861,-727.820474757037,-57.710485515308605,-785.5309602723456,-789.002960272346,110.224,True,4
2025-07-23T18:30:00+00:00,SPX,2025-07-21,6352.69,RANGE,ADJUSTED,-0.36126375185187953,-731.0684747570374,-58.295749267160446,-727.820474757037,-58.07174926716044,-785.8922240241975,-789.3642240241978,110.224,True,4
2025-07-23T19:00:00+00:00,SPX,2025-07-21,6352.55,RANGE,ADJUSTED,0.1152089875307638,-731.0684747570374,-58.18054027962965,-727.820474757037,-57.95654027962965,-785.7770150366666,-789.2490150366671,110.224,True,4
2025-07-23T19:30:00+00:00,SPX,2025-07-21,6352.32,RANGE,ADJUSTED,0.12627472407416462,-731.0684747570374,-58.05426555555552,-727.820474757037,-57.83026555555551,-785.6507403125925,-789.1227403125929,110.224,True,4
2025-07-23T20:00:00+00:00,SPX,2025-07-21,6359.91,RANGE,ADJUSTED,-0.8269719292593436,-731.0684747570374,-58.881237484814804,-727.820474757037,-58.6572374848148,-786.4777122418518,-789.9497122418522,110.224,True,4
2025-07-24T13:30:00+00:00,SPX,2025-07-21,6368.79,RANGE,ADJUSTED,2.083190482592613,-731.0684747570374,-56.79804700222222,-727.820474757037,-56.574047002222215,-784.3945217592592,-787.8665217592596,110.224,True,4
2025-07-24T14:00:00+00:00,SPX,2025-07-21,6370.51,RANGE,ADJUSTED,-0.1493388667901172,-731.0684747570374,-56.94738586901238,-727.820474757037,-56.723385869012375,-784.5438606260494,-788.0158606260497,110.224,True,4
2025-07-24T14:30:00+00:00,SPX,2025-07-21,6369.19,RANGE,ADJUSTED,0.2742874512346134,-731.0684747570374,-56.67309841777772,-727.820474757037,-56.44909841777772,-784.2695731748147,-787.7415731748151,110.224,True,4
2025-07-24T15:00:00+00:00,SPX,2025-07-21,6377.34,RANGE,ADJUSTED,-1.0538875355556456,-731.0684747570374,-57.726985953333354,-727.820474757037,-57.50298595333335,-785.3234607103703,-788.7954607103708,110.224,True,4
2025-07-24T15:30:00+00:00,SPX,2025-07-21,6374.19,RANGE,ADJUSTED,0.5300478088889804,-731.0684747570374,-57.19693814444439,-727.820474757037,-56.972938144444385,-784.7934129014814,-788.2654129014818,110.224,True,4
2025-07-24T16:00:00+00:00,SPX,2025-07-21,6372.56,RANGE,ADJUSTED,0.3182443651851372,-731.0684747570374,-56.87869377925932,-727.820474757037,-56.65469377925931,-784.4751685362963,-787.9471685362967,110.224,True,4
2025-07-24T16:30:00+00:00,SPX,2025-07-21,6365.88,RANGE,ADJUSTED,1.0361376666667184,-731.0684747570374,-55.842556112592604,-727.820474757037,-55.6185561125926,-783.4390308696296,-786.9110308696299,110.224,True,4
2025-07-24T17:00:00+00:00,SPX,2025-07-21,6370.53,RANGE,ADJUSTED,-0.5699631544443946,-731.0684747570374,-56.412519267037,-727.820474757037,-56.188519267036995,-784.008994024074,-787.4809940240743,110.224,True,4
2025-07-24T17:30:00+00:00,SPX,2025-07-21,6375.68,RANGE,ADJUSTED,-0.6458882914815831,-731.0684747570374,-57.05840755851857,-727.820474757037,-56.834407558518556,-784.6548823155556,-788.1268823155559,110.224,True,4
2025-07-24T18:00:00+00:00,SPX,2025-07-21,6377.27,RANGE,ADJUSTED,-0.1407408186420298,-731.0684747570374,-57.199148377160554,-727.820474757037,-56.97514837716055,-784.7956231341975,-788.267623134198,110.224,True,4
2025-07-24T18:30:00+00:00,SPX,2025-07-21,6376.89,RANGE,ADJUSTED,0.1409739860494028,-731.0684747570374,-57.058174391111166,-727.820474757037,-56.834174391111155,-784.6546491481481,-788.1266491481485,110.224,True,4
2025-07-24T19:00:00+00:00,SPX,2025-07-21,6373.82,RANGE,ADJUSTED,0.5294357444445268,-731.0684747570374,-56.528738646666625,-727.820474757037,-56.30473864666662,-784.1252134037036,-787.597213403704,110.224,True,4
2025-07-24T19:30:00+00:00,SPX,2025-07-21,6375.02,RANGE,ADJUSTED,-0.08569873753094726,-731.0684747570374,-56.614437384197586,-727.820474757037,-56.39043738419758,-784.2109121412345,-787.682912141235,110.224,True,4
2025-07-24T20:00:00+00:00,SPX,2025-07-21,6364.02,RANGE,ADJUSTED,1.6851105686419032,-731.0684747570374,-54.929326815555626,-727.820474757037,-54.705326815555615,-782.5258015725926,-785.9978015725931,110.224,True,4
2025-07-25T13:30:00+00:00,SPX,2025-07-21,6372.76,RANGE,EXITED,1.7729748590122654,-784.2248267135808,0.0,-780.6968267135802,0.0,-780.6968267135802,-784.2248267135808,0.0,False,0
2025-07-25T14:00:00+00:00,SPX,2025-07-21,6370.22,RANGE,EXITED,0.0,-784.2248267135808,0.0,-780.6968267135802,0.0,-780.6968267135802,-784.2248267135808,0.0,False,0
2025-07-25T14:30:00+00:00,SPX,2025-07-21,6376.75,RANGE,EXITED,0.0,-784.2248267135808,0.0,-780.6968267135802,0.0,-780.6968267135802,-784.2248267135808,0.0,False,0
2025-07-25T15:00:00+00:00,SPX,2025-07-21,6378.57,RANGE,EXITED,0.0,-784.2248267135808,0.0,-780.6968267135802,0.0,-780.6968267135802,-784.2248267135808,0.0,False,0
2025-07-25T15:30:00+00:00,SPX,2025-07-21,6379.65,RANGE,EXITED,0.0,-784.2248267135808,0.0,-780.6968267135802,0.0,-780.6968267135802,-784.2248267135808,0.0,False,0
2025-07-25T16:00:00+00:00,SPX,2025-07-21,6379.23,RANGE,EXITED,0.0,-784.2248267135808,0.0,-780.6968267135802,0.0,-780.6968267135802,-784.2248267135808,0.0,False,0
2025-07-25T16:30:00+00:00,SPX,2025-07-21,6387.59,RANGE,EXITED,0.0,-784.2248267135808,0.0,-780.6968267135802,0.0,-780.6968267135802,-784.2248267135808,0.0,False,0
2025-07-25T17:00:00+00:00,SPX,2025-07-21,6388.84,RANGE,EXITED,0.0,-784.2248267135808,0.0,-780.6968267135802,0.0,-780.6968267135802,-784.2248267135808,0.0,False,0
2025-07-25T17:30:00+00:00,SPX,2025-07-21,6393.38,RANGE,EXITED,0.0,-784.2248267135808,0.0,-780.6968267135802,0.0,-780.6968267135802,-784.2248267135808,0.0,False,0
2025-07-25T18:00:00+00:00,SPX,2025-07-21,6391.28,RANGE,EXITED,0.0,-784.2248267135808,0.0,-780.6968267135802,0.0,-780.6968267135802,-784.2248267135808,0.0,False,0
2025-07-25T18:30:00+00:00,SPX,2025-07-21,6393.84,RANGE,EXITED,0.0,-784.2248267135808,0.0,-780.6968267135802,0.0,-780.6968267135802,-784.2248267135808,0.0,False,0
2025-07-25T19:00:00+00:00,SPX,2025-07-21,6392.54,RANGE,EXITED,0.0,-784.2248267135808,0.0,-780.6968267135802,0.0,-780.6968267135802,-784.2248267135808,0.0,False,0
2025-07-25T19:30:00+00:00,SPX,2025-07-21,6392.96,RANGE,EXITED,0.0,-784.2248267135808,0.0,-780.6968267135802,0.0,-780.6968267135802,-784.2248267135808,0.0,False,0
2025-07-25T20:00:00+00:00,SPX,2025-07-21,6389.59,RANGE,EXITED,0.0,-784.2248267135808,0.0,-780.6968267135802,0.0,-780.6968267135802,-784.2248267135808,0.0,False,0
2025-07-28T13:30:00+00:00,SPX,2025-07-28,6396.26,RANGE,IDLE,0.0,-784.2248267135808,0.0,-780.6968267135802,0.0,-780.6968267135802,-784.2248267135808,0.0,False,0
2025-07-28T14:00:00+00:00,SPX,2025-07-28,6396.75,RANGE,ACTIVE,-82.668,-784.2248267135808,-82.668,-780.6968267135802,-82.5,-863.1968267135802,-866.8928267135808,82.668,False,3
2025-07-28T14:30:00+00:00,SPX,2025-07-28,6396.96,RANGE,ADJUSTED,15.601697564444407,-784.2248267135808,-67.06630243555556,-780.6968267135802,-66.84230243555555,-847.5391291491358,-851.2911291491364,110.224,True,4
2025-07-28T15:00:00+00:00,SPX,2025-07-28,6393.5,RANGE,ADJUSTED,0.1407456762963193,-784.2248267135808,-66.92555675925927,-780.6968267135802,-66.70155675925926,-847.3983834728394,-851.1503834728401,110.224,True,4
2025-07-28T15:30:00+00:00,SPX,2025-07-28,6392.04,RANGE,ADJUSTED,0.005022814567951173,-784.2248267135808,-66.92053394469137,-780.6968267135802,-66.69653394469137,-847.3933606582716,-851.1453606582721,110.224,True,4
2025-07-28T16:00:00+00:00,SPX,2025-07-28,6393.87,RANGE,ADJUSTED,0.23853511543200057,-784.2248267135808,-66.68199882925927,-780.6968267135802,-66.45799882925925,-847.1548255428395,-850.9068255428401,110.224,True,4
2025-07-28T16:30:00+00:00,SPX,2025-07-28,6392.32,RANGE,ADJUSTED,-0.0026862828394769167,-784.2248267135808,-66.68468511209879,-780.6968267135802,-66.46068511209879,-847.157511825679,-850.9095118256796,110.224,True,4
2025-07-28T17:00:00+00:00,SPX,2025-07-28,6390.91,RANGE,ADJUSTED,0.005940911234574742,-784.2248267135808,-66.67874420086422,-780.6968267135802,-66.45474420086421,-847.1515709144444,-850.903570914445,110.224,True,4
2025-07-28T17:30:00+00:00,SPX,2025-07-28,6385.89,RANGE,ADJUSTED,-0.258470928765405,-784.2248267135808,-66.9372151296296,-780.6968267135802,-66.7132151296296,-847.4100418432098,-851.1620418432104,110.224,True,4
2025-07-28T18:00:00+00:00,SPX,2025-07-28,6379.42,RANGE,ADJUSTED,-0.36970635506168037,-784.2248267135808,-67.30692148469136,-780.6968267135802,-67.08292148469135,-847.7797481982716,-851.5317481982721,110.224,True,4
2025-07-28T18:30:00+00:00,SPX,2025-07-28,6379.33,RANGE,ADJUSTED,0.09508372567893275,-784.2248267135808,-67.21183775901235,-780.6968267135802,-66.98783775901235,-847.6846644725925,-851.4366644725932,110.224,True,4
2025-07-28T19:00:00+00:00,SPX,2025-07-28,6379.57,RANGE,ADJUSTED,0.11952258456790332,-784.2248267135808,-67.09231517444447,-780.6968267135802,-66.86831517444446,-847.5651418880246,-851.3171418880253,110.224,True,4
2025-07-28T19:30:00+00:00,SPX,2025-07-28,6378.91,RANGE,ADJUSTED,0.052428663086402594,-784.2248267135808,-67.03988651135803,-780.6968267135802,-66.81588651135803,-847.5127132249382,-851.2647132249389,110.224,True,4
2025-07-28T20:00:00+00:00,SPX,2025-07-28,6389.58,RANGE,ADJUSTED,0.904864416296391,-784.2248267135808,-66.13502209506173,-780.6968267135802,-65.91102209506172,-846.607848808642,-850.3598488086425,110.224,True,4
2025-07-29T13:30:00+00:00,SPX,2025-07-28,6403.01,RANGE,ADJUSTED,3.4942079061727327,-784.2248267135808,-62.64081418888891,-780.6968267135802,-62.41681418888891,-843.1136409024691,-846.8656409024697,110.224,True,4
2025-07-29T14:00:00+00:00,SPX,2025-07-28,6397.53,RANGE,ADJUSTED,0.6138472035803488,-784.2248267135808,-62.02696698530862,-780.6968267135802,-61.802966985308615,-842.4997936988889,-846.2517936988894,110.224,True,4
2025-07-29T14:30:00+00:00,SPX,2025-07-28,6394.89,RANGE,ADJUSTED,0.33377428604933357,-784.2248267135808,-61.69319269925923,-780.6968267135802,-61.469192699259224,-842.1660194128394,-845.9180194128401,110.224,True,4
2025-07-29T15:00:00+00:00,SPX,2025-07-28,6385.9,RANGE,ADJUSTED,-0.7335932402469325,-784.2248267135808,-62.42678593950622,-780.6968267135802,-62.20278593950621,-842.8996126530864,-846.651612653087,110.224,True,4
2025-07-29T15:30:00+00:00,SPX,2025-07-28,6376.13,RANGE,ADJUSTED,-0.8158333279011458,-784.2248267135808,-63.24261926740739,-780.6968267135802,-63.01861926740739,-843.7154459809876,-847.4674459809881,110.224,True,4
2025-07-29T16:00:00+00:00,SPX,2025-07-28,6379.86,RANGE,ADJUSTED,0.45345231555540977,-784.2248267135808,-62.78916695185188,-780.6968267135802,-62.56516695185188,-843.2619936654321,-847.0139936654327,110.224,True,4
2025-07-29T16:30:00+00:00,SPX,2025-07-28,6375.34,RANGE,ADJUSTED,-0.32840657802455553,-784.2248267135808,-63.11757352987654,-780.6968267135802,-62.89357352987653,-843.5904002434568,-847.3424002434573,110.224,True,4
2025-07-29T17:00:00+00:00,SPX,2025-07-28,6384.94,RANGE,ADJUSTED,1.0184266590122206,-784.2248267135808,-62.09914687086423,-780.6968267135802,-61.87514687086423,-842.5719735844444,-846.3239735844451,110.224,True,4
2025-07-29T17:30:00+00:00,SPX,2025-07-28,6381.96,RANGE,ADJUSTED,-0.18221061358019597,-784.2248267135808,-62.28135748444444,-780.6968267135802,-62.05735748444444,-842.7541841980246,-846.5061841980253,110.224,True,4
2025-07-29T18:00:00+00:00,SPX,2025-07-28,6378.08,RANGE,ADJUSTED,-0.2721063644444257,-784.2248267135808,-62.553463848888896,-780.6968267135802,-62.32946384888889,-843.0262905624691,-846.7782905624697,110.224,True,4
2025-07-29T18:30:00+00:00,SPX,2025-07-28,6376.47,RANGE,ADJUSTED,-0.05533839802467355,-784.2248267135808,-62.608802246913555,-780.6968267135802,-62.38480224691355,-843.0816289604937,-846.8336289604944,110.224,True,4
2025-07-29T19:00:00+00:00,SPX,2025-07-28,6374.33,RANGE,ADJUSTED,-0.10865115419755966,-784.2248267135808,-62.717453401111115,-780.6968267135802,-62.49345340111111,-843.1902801146913,-846.9422801146919,110.224,True,4
2025-07-29T19:30:00+00:00,SPX,2025-07-28,6370.67,RANGE,ADJUSTED,-0.25987964851844936,-784.2248267135808,-62.97733304962962,-780.6968267135802,-62.75333304962962,-843.4501597632099,-847.2021597632104,110.224,True,4
2025-07-29T20:00:00+00:00,SPX,2025-07-28,6371.63,RANGE,ADJUSTED,0.19214451666664445,-784.2248267135808,-62.78518853296296,-780.6968267135802,-62.56118853296295,-843.2580152465432,-847.0100152465437,110.224,True,4
2025-07-30T13:30:00+00:00,SPX,2025-07-28,6377.69,RANGE,ADJUSTED,4.128680709999912,-784.2248267135808,-58.65650782296301,-780.6968267135802,-58.432507822963004,-839.1293345365432,-842.8813345365438,110.224,True,4
2025-07-30T14:00:00+00:00,SPX,2025-07-28,6375.32,RANGE,ADJUSTED,-0.1742634911111054,-784.2248267135808,-58.83077131407411,-780.6968267135802,-58.6067713140741,-839.3035980276543,-843.0555980276549,110.224,True,4
2025-07-30T14:30:00+00:00,SPX,2025-07-28,6385.89,RANGE,ADJUSTED,1.3320271066667146,-784.2248267135808,-57.49874420740737,-780.6968267135802,-57.274744207407366,-837.9715709209876,-841.7235709209882,110.224,True,4
2025-07-30T15:00:00+00:00,SPX,2025-07-28,6379.33,RANGE,ADJUSTED,-0.6631038183950295,-784.2248267135808,-58.16184802580247,-780.6968267135802,-57.93784802580247,-838.6346747393827,-842.3866747393832,110.224,True,4
2025-07-30T15:30:00+00:00,SPX,2025-07-28,6372.6,RANGE,ADJUSTED,-0.6894614507407368,-784.2248267135808,-58.851309476543165,-780.6968267135802,-58.62730947654316,-839.3241361901233,-843.076136190124,110.224,True,4
2025-07-30T16:00:00+00:00,SPX,2025-07-28,6381.2,RANGE,ADJUSTED,1.1135686765431956,-784.2248267135808,-57.737740800000026,-780.6968267135802,-57.513740800000015,-838.2105675135803,-841.9625675135808,110.224,True,4
2025-07-30T16:30:00+00:00,SPX,2025-07-28,6385.9,RANGE,ADJUSTED,0.659669456790084,-784.2248267135808,-57.07807134320993,-780.6968267135802,-56.85407134320992,-837.5508980567902,-841.3028980567907,110.224,True,4
2025-07-30T17:00:00+00:00,SPX,2025-07-28,6386.27,RANGE,ADJUSTED,0.14891139320991442,-784.2248267135808,-56.92915994999994,-780.6968267135802,-56.70515994999994,-837.4019866635801,-841.1539866635808,110.224,True,4
2025-07-30T17:30:00+00:00,SPX,2025-07-28,6384.65,RANGE,ADJUSTED,-0.08853075000001809,-784.2248267135808,-57.017690700000045,-780.6968267135802,-56.79369070000004,-837.4905174135803,-841.2425174135808,110.224,True,4
2025-07-30T18:00:00+00:00,SPX,2025-07-28,6384.06,RANGE,ADJUSTED,0.03347895358024289,-784.2248267135808,-56.9842117464197,-780.6968267135802,-56.7602117464197,-837.4570384599999,-841.2090384600006,110.224,True,4
2025-07-30T18:30:00+00:00,SPX,2025-07-28,6393.25,RANGE,ADJUSTED,1.2111006600000565,-784.2248267135808,-55.77311108641976,-780.6968267135802,-55.54911108641975,-836.2459378,-839.9979378000005,110.224,True,4
2025-07-30T19:00:00+00:00,SPX,2025-07-28,6341.25,RANGE,ADJUSTED,-6.181243682098852,-784.2248267135808,-61.95435476851853,-780.6968267135802,-61.73035476851852,-842.4271814820987,-846.1791814820994,110.224,True,4
2025-07-30T19:30:00+00:00,SPX,2025-07-28,6343.38,RANGE,ADJUSTED,0.3418574228395528,-784.2248267135808,-61.612497345679,-780.6968267135802,-61.388497345679,-842.0853240592592,-845.8373240592598,110.224,True,4
2025-07-30T20:00:00+00:00,SPX,2025-07-28,6364.83,RANGE,ADJUSTED,2.6995588087654596,-784.2248267135808,-58.912938536913586,-780.6968267135802,-58.68893853691358,-839.3857652504938,-843.1377652504943,110.224,True,4
2025-07-31T13:30:00+00:00,SPX,2025-07-28,6410.19,RANGE,ADJUSTED,5.39361389518524,-784.2248267135808,-53.519324641728346,-780.6968267135802,-53.295324641728335,-833.9921513553086,-837.7441513553091,110.224,True,4
2025-07-31T14:00:00+00:00,SPX,2025-07-28,6413.96,RANGE,ADJUSTED,-0.4236748945679665,-784.2248267135808,-53.9429995362963,-780.6968267135802,-53.718999536296295,-834.4158262498765,-838.1678262498771,110.224,True,4
2025-07-31T14:30:00+00:00,SPX,2025-07-28,6405.36,RANGE,ADJUSTED,1.3032309318518855,-784.2248267135808,-52.6397686044444,-780.6968267135802,-52.415768604444395,-833.1125953180247,-836.8645953180252,110.224,True,4
2025-07-31T15:00:00+00:00,SPX,2025-07-28,6391.32,RANGE,ADJUSTED,1.0420445743209257,-784.2248267135808,-51.5977240301235,-780.6968267135802,-51.3737240301235,-832.0705507437037,-835.8225507437043,110.224,True,4
2025-07-31T15:30:00+00:00,SPX,2025-07-28,6384.99,RANGE,ADJUSTED,-0.7842099982716491,-784.2248267135808,-52.381934028395094,-780.6968267135802,-52.15793402839509,-832.8547607419753,-836.6067607419759,110.224,True,4
2025-07-31T16:00:00+00:00,SPX,2025-07-28,6394.19,RANGE,ADJUSTED,1.4049259250616615,-784.2248267135808,-50.97700810333339,-780.6968267135802,-50.753008103333386,-831.4498348169136,-835.2018348169142,110.224,True,4
2025-07-31T16:30:00+00:00,SPX,2025-07-28,6401.59,RANGE,ADJUSTED,-0.7109517134566659,-784.2248267135808,-51.68795981679014,-780.6968267135802,-51.46395981679014,-832.1607865303704,-835.9127865303709,110.224,True,4
2025-07-31T17:00:00+00:00,SPX,2025-07-28,6392.05,RANGE,ADJUSTED,0.6241745766666327,-784.2248267135808,-51.06378524012344,-780.6968267135802,-50.839785240123426,-831.5366119537036,-835.2886119537043,110.224,True,4
2025-07-31T17:30:00+00:00,SPX,2025-07-28,6366.38,RANGE,ADJUSTED,-3.5581977865431327,-784.2248267135808,-54.621983026666655,-780.6968267135802,-54.397983026666644,-835.0948097402469,-838.8468097402474,110.224,True,4
2025-07-31T18:00:00+00:00,SPX,2025-07-28,6355.71,RANGE,ADJUSTED,-1.4336249467901325,-784.2248267135808,-56.05560797345679,-780.6968267135802,-55.83160797345678,-836.528434687037,-840.2804346870375,110.224,True,4
2025-07-31T18:30:00+00:00,SPX,2025-07-28,6364.26,RANGE,ADJUSTED,1.319586653950637,-784.2248267135808,-54.73602131950615,-780.6968267135802,-54.51202131950614,-835.2088480330864,-838.9608480330869,110.224,True,4
2025-07-31T19:00:00+00:00,SPX,2025-07-28,6364.51,RANGE,ADJUSTED,0.1304328761727902,-784.2248267135808,-54.6055884433333,-780.6968267135802,-54.3815884433333,-835.0784151569135,-838.8304151569141,110.224,True,4
2025-07-31T19:30:00+00:00,SPX,2025-07-28,6350.49,RANGE,ADJUSTED,-1.9350223104938777,-784.2248267135808,-56.540610753827195,-780.6968267135802,-56.31661075382719,-837.0134374674074,-840.765437467408,110.224,True,4
2025-07-31T20:00:00+00:00,SPX,2025-07-28,6341.54,RANGE,ADJUSTED,-1.2122567817283425,-784.2248267135808,-57.752867535555566,-780.6968267135802,-57.528867535555555,-838.2256942491358,-841.9776942491363,110.224,True,4
2025-08-01T13:30:00+00:00,SPX,2025-07-28,6262.57,TREND_DOWN,ABORTED,-50.78479262069459,-892.7624868698309,0.0,-888.9544868698302,0.0,-888.9544868698302,-892.7624868698309,0.0,False,0
2025-08-01T14:00:00+00:00,SPX,2025-07-28,6228.14,TREND_DOWN,ABORTED,0.0,-892.7624868698309,0.0,-888.9544868698302,0.0,-888.9544868698302,-892.7624868698309,0.0,False,0
2025-08-01T14:30:00+00:00,SPX,2025-07-28,6257.78,TREND_DOWN,ABORTED,0.0,-892.7624868698309,0.0,-888.9544868698302,0.0,-888.9544868698302,-892.7624868698309,0.0,False,0
2025-08-01T15:00:00+00:00,SPX,2025-07-28,6238.99,TREND_DOWN,ABORTED,0.0,-892.7624868698309,0.0,-888.9544868698302,0.0,-888.9544868698302,-892.7624868698309,0.0,False,0
2025-08-01T15:30:00+00:00,SPX,2025-07-28,6234.65,TREND_DOWN,ABORTED,0.0,-892.7624868698309,0.0,-888.9544868698302,0.0,-888.9544868698302,-892.7624868698309,0.0,False,0
2025-08-01T16:00:00+00:00,SPX,2025-07-28,6265.68,RANGE,ABORTED,0.0,-892.7624868698309,0.0,-888.9544868698302,0.0,-888.9544868698302,-892.7624868698309,0.0,False,0
2025-08-01T16:30:00+00:00,SPX,2025-07-28,6262.19,TREND_DOWN,ABORTED,0.0,-892.7624868698309,0.0,-888.9544868698302,0.0,-888.9544868698302,-892.7624868698309,0.0,False,0
2025-08-01T17:00:00+00:00,SPX,2025-07-28,6229.99,TREND_DOWN,ABORTED,0.0,-892.7624868698309,0.0,-888.9544868698302,0.0,-888.9544868698302,-892.7624868698309,0.0,False,0
2025-08-01T17:30:00+00:00,SPX,2025-07-28,6228.29,TREND_DOWN,ABORTED,0.0,-892.7624868698309,0.0,-888.9544868698302,0.0,-888.9544868698302,-892.7624868698309,0.0,False,0
2025-08-01T18:00:00+00:00,SPX,2025-07-28,6221.44,TREND_DOWN,ABORTED,0.0,-892.7624868698309,0.0,-888.9544868698302,0.0,-888.9544868698302,-892.7624868698309,0.0,False,0
2025-08-01T18:30:00+00:00,SPX,2025-07-28,6239.67,TREND_DOWN,ABORTED,0.0,-892.7624868698309,0.0,-888.9544868698302,0.0,-888.9544868698302,-892.7624868698309,0.0,False,0
2025-08-01T19:00:00+00:00,SPX,2025-07-28,6230.22,TREND_DOWN,ABORTED,0.0,-892.7624868698309,0.0,-888.9544868698302,0.0,-888.9544868698302,-892.7624868698309,0.0,False,0
2025-08-01T19:30:00+00:00,SPX,2025-07-28,6236.71,TREND_DOWN,ABORTED,0.0,-892.7624868698309,0.0,-888.9544868698302,0.0,-888.9544868698302,-892.7624868698309,0.0,False,0
2025-08-01T20:00:00+00:00,SPX,2025-07-28,6237.3,TREND_DOWN,ABORTED,0.0,-892.7624868698309,0.0,-888.9544868698302,0.0,-888.9544868698302,-892.7624868698309,0.0,False,0
2025-08-04T13:30:00+00:00,SPX,2025-08-04,6288.49,RANGE,IDLE,0.0,-892.7624868698309,0.0,-888.9544868698302,0.0,-888.9544868698302,-892.7624868698309,0.0,False,0
2025-08-04T14:00:00+00:00,SPX,2025-08-04,6310.09,RANGE,ACTIVE,-82.668,-892.7624868698309,-82.668,-888.9544868698302,-82.5,-971.4544868698302,-975.4304868698309,82.668,False,3
2025-08-04T14:30:00+00:00,SPX,2025-08-04,6310.74,RANGE,ADJUSTED,15.687036835555546,-892.7624868698309,-66.98096316444443,-888.9544868698302,-66.75696316444443,-955.7114500342747,-959.7434500342754,110.224,True,4
2025-08-04T15:00:00+00:00,SPX,2025-08-04,6312.15,RANGE,ADJUSTED,0.009623013209875353,-892.7624868698309,-66.97134015123454,-888.9544868698302,-66.74734015123454,-955.7018270210648,-959.7338270210655,110.224,True,4
2025-08-04T15:30:00+00:00,SPX,2025-08-04,6312.12,RANGE,ADJUSTED,0.11038047913586979,-892.7624868698309,-66.86095967209876,-888.9544868698302,-66.63695967209875,-955.591446541929,-959.6234465419296,110.224,True,4
2025-08-04T16:00:00+00:00,SPX,2025-08-04,6317.61,RANGE,ADJUSTED,-0.28375987716049167,-892.7624868698309,-67.14471954925924,-888.9544868698302,-66.92071954925923,-955.8752064190895,-959.9072064190901,110.224,True,4
2025-08-04T16:30:00+00:00,SPX,2025-08-04,6318.97,RANGE,ADJUSTED,0.007825681111057747,-892.7624868698309,-67.13689386814816,-888.9544868698302,-66.91289386814816,-955.8673807379785,-959.8993807379791,110.224,True,4
2025-08-04T17:00:00+00:00,SPX,2025-08-04,6321.91,RANGE,ADJUSTED,-0.10785449888885523,-892.7624868698309,-67.24474836703703,-888.9544868698302,-67.02074836703702,-955.9752352368673,-960.0072352368679,110.224,True,4
2025-08-04T17:30:00+00:00,SPX,2025-08-04,6323.02,RANGE,ADJUSTED,0.022631811481460318,-892.7624868698309,-67.22211655555559,-888.9544868698302,-66.99811655555558,-955.9526034253859,-959.9846034253865,110.224,True,4
2025-08-04T18:00:00+00:00,SPX,2025-08-04,6320.83,RANGE,ADJUSTED,0.26361032703698584,-892.7624868698309,-66.95850622851852,-888.9544868698302,-66.73450622851851,-955.6889930983488,-959.7209930983495,110.224,True,4
2025-08-04T18:30:00+00:00,SPX,2025-08-04,6321.77,RANGE,ADJUSTED,0.034630217654353146,-892.7624868698309,-66.92387601086423,-888.9544868698302,-66.69987601086423,-955.6543628806945,-959.6863628806951,110.224,True,4
2025-08-04T19:00:00+00:00,SPX,2025-08-04,6317.94,RANGE,ADJUSTED,0.38823344864204046,-892.7624868698309,-66.5356425622222,-888.9544868698302,-66.31164256222219,-955.2661294320525,-959.2981294320531,110.224,True,4
2025-08-04T19:30:00+00:00,SPX,2025-08-04,6319.83,RANGE,ADJUSTED,-0.03594664197532893,-892.7624868698309,-66.57158920419752,-888.9544868698302,-66.34758920419752,-955.3020760740278,-959.3340760740284,110.224,True,4
2025-08-04T20:00:00+00:00,SPX,2025-08-04,6329.54,RANGE,ADJUSTED,-0.6265791155556144,-892.7624868698309,-67.1981683197531,-888.9544868698302,-66.97416831975309,-955.9286551895833,-959.960655189584,110.224,True,4
2025-08-05T13:30:00+00:00,SPX,2025-08-04,6332.12,RANGE,ADJUSTED,3.2550655839506817,-892.7624868698309,-63.943102735802455,-888.9544868698302,-63.71910273580245,-952.6735896056327,-956.7055896056333,110.224,True,4
2025-08-05T14:00:00+00:00,SPX,2025-08-04,6326.14,RANGE,ADJUSTED,0.6533836520986824,-892.7624868698309,-63.289719083703744,-888.9544868698302,-63.06571908370373,-952.020205953534,-956.0522059535347,110.224,True,4
2025-08-05T14:30:00+00:00,SPX,2025-08-04,6309.9,RANGE,ADJUSTED,1.5974590540740792,-892.7624868698309,-61.692260029629665,-888.9544868698302,-61.46826002962966,-950.4227468994599,-954.4547468994606,110.224,True,4
2025-08-05T15:00:00+00:00,SPX,2025-08-04,6300.97,RANGE,ADJUSTED,-0.7279632188888172,-892.7624868698309,-62.4202232485185,-888.9544868698302,-62.19622324851849,-951.1507101183488,-955.1827101183494,110.224,True,4
2025-08-05T15:30:00+00:00,SPX,2025-08-04,6298.64,RANGE,ADJUSTED,-0.11466493024693136,-892.7624868698309,-62.5348881787654,-888.9544868698302,-62.310888178765396,-951.2653750485956,-955.2973750485963,110.224,True,4
2025-08-05T16:00:00+00:00,SPX,2025-08-04,6302.33,RANGE,ADJUSTED,0.453311443580219,-892.7624868698309,-62.081576735185195,-888.9544868698302,-61.85757673518519,-950.8120636050154,-954.8440636050161,110.224,True,4
2025-08-05T16:30:00+00:00,SPX,2025-08-04,6312.8,RANGE,ADJUSTED,0.5692442216048903,-892.7624868698309,-61.51233251358026,-888.9544868698302,-61.28833251358026,-950.2428193834105,-954.2748193834112,110.224,True,4
2025-08-05T17:00:00+00:00,SPX,2025-08-04,6308.14,RANGE,ADJUSTED,0.1978911217285031,-892.7624868698309,-61.31444139185183,-888.9544868698302,-61.09044139185182,-950.0449282616821,-954.0769282616827,110.224,True,4
2025-08-05T17:30:00+00:00,SPX,2025-08-04,6315.29,RANGE,ADJUSTED,-0.22150903703709446,-892.7624868698309,-61.53595042888888,-888.9544868698302,-61.31195042888888,-950.2664372987191,-954.2984372987198,110.224,True,4
2025-08-05T18:00:00+00:00,SPX,2025-08-04,6318.94,RANGE,ADJUSTED,-0.2461081985184137,-892.7624868698309,-61.782058627407366,-888.9544868698302,-61.55805862740736,-950.5125454972376,-954.5445454972382,110.224,True,4
2025-08-05T18:30:00+00:00,SPX,2025-08-04,6305.88,RANGE,ADJUSTED,0.5732323558023609,-892.7624868698309,-61.208826271604934,-888.9544868698302,-60.98482627160492,-949.9393131414352,-953.9713131414359,110.224,True,4
2025-08-05T19:00:00+00:00,SPX,2025-08-04,6307.01,RANGE,ADJUSTED,0.2176277712345609,-892.7624868698309,-60.99119850037036,-888.9544868698302,-60.76719850037035,-949.7216853702006,-953.7536853702013,110.224,True,4
2025-08-05T19:30:00+00:00,SPX,2025-08-04,6307.72,RANGE,ADJUSTED,0.17751326185191374,-892.7624868698309,-60.8136852385185,-888.9544868698302,-60.5896852385185,-949.5441721083488,-953.5761721083494,110.224,True,4
2025-08-05T20:00:00+00:00,SPX,2025-08-04,6299.19,RANGE,ADJUSTED,-0.7329568875309178,-892.7624868698309,-61.546642126049434,-888.9544868698302,-61.32264212604942,-950.2771289958797,-954.3091289958803,110.224,True,4
2025-08-06T13:30:00+00:00,SPX,2025-08-04,6313.28,RANGE,ADJUSTED,4.512173088024724,-892.7624868698309,-57.03446903802467,-888.9544868698302,-56.81046903802466,-945.7649559078549,-949.7969559078556,110.224,True,4
2025-08-06T14:00:00+00:00,SPX,2025-08-04,6321.24,RANGE,ADJUSTED,-0.8164356770370205,-892.7624868698309,-57.8509047150617,-888.9544868698302,-57.6269047150617,-946.5813915848919,-950.6133915848926,110.224,True,4
2025-08-06T14:30:00+00:00,SPX,2025-08-04,6308.52,RANGE,ADJUSTED,1.2416941669135895,-892.7624868698309,-56.6092105481481,-888.9544868698302,-56.385210548148095,-945.3396974179783,-949.371697417979,110.224,True,4
2025-08-06T15:00:00+00:00,SPX,2025-08-04,6326.17,RANGE,ADJUSTED,-1.6111722122223,-892.7624868698309,-58.220382760370384,-888.9544868698302,-57.99638276037037,-946.9508696302006,-950.9828696302013,110.224,True,4
2025-08-06T15:30:00+00:00,SPX,2025-08-04,6342.12,RANGE,ADJUSTED,-1.7735635961728349,-892.7624868698309,-59.993946356543205,-888.9544868698302,-59.769946356543194,-948.7244332263734,-952.7564332263742,110.224,True,4
2025-08-06T16:00:00+00:00,SPX,2025-08-04,6347.4,RANGE,ADJUSTED,-0.5295620434567354,-892.7624868698309,-60.523508399999955,-888.9544868698302,-60.29950839999995,-949.2539952698302,-953.2859952698309,110.224,True,4
2025-08-06T16:30:00+00:00,SPX,2025-08-04,6342.24,RANGE,ADJUSTED,0.7027277046913696,-892.7624868698309,-59.82078069530861,-888.9544868698302,-59.59678069530861,-948.5512675651389,-952.5832675651395,110.224,True,4
2025-08-06T17:00:00+00:00,SPX,2025-08-04,6342.71,RANGE,ADJUSTED,0.03770025518508646,-892.7624868698309,-59.78308044012347,-888.9544868698302,-59.55908044012346,-948.5135673099537,-952.5455673099544,110.224,True,4
2025-08-06T17:30:00+00:00,SPX,2025-08-04,6344.41,RANGE,ADJUSTED,-0.10973926876533824,-892.7624868698309,-59.89281970888888,-888.9544868698302,-59.66881970888887,-948.6233065787192,-952.6553065787198,110.224,True,4
2025-08-06T18:00:00+00:00,SPX,2025-08-04,6345.3,RANGE,ADJUSTED,-0.01420378123464161,-892.7624868698309,-59.90702349012348,-888.9544868698302,-59.683023490123475,-948.6375103599537,-952.6695103599544,110.224,True,4
2025-08-06T18:30:00+00:00,SPX,2025-08-04,6350.08,RANGE,ADJUSTED,-0.4836960713579401,-892.7624868698309,-60.390719561481475,-888.9544868698302,-60.16671956148147,-949.1212064313117,-953.1532064313124,110.224,True,4
2025-08-06T19:00:00+00:00,SPX,2025-08-04,6347.53,RANGE,ADJUSTED,0.3982645048147333,-892.7624868698309,-59.99245505666664,-888.9544868698302,-59.76845505666663,-948.7229419264969,-952.7549419264976,110.224,True,4
2025-08-06T19:30:00+00:00,SPX,2025-08-04,6352.17,RANGE,ADJUSTED,-0.47242145567895477,-892.7624868698309,-60.4648765123457,-888.9544868698302,-60.24087651234569,-949.195363382176,-953.2273633821766,110.224,True,4
2025-08-06T20:00:00+00:00,SPX,2025-08-04,6344.78,RANGE,ADJUSTED,0.9898539362962993,-892.7624868698309,-59.475022576049355,-888.9544868698302,-59.25102257604935,-948.2055094458796,-952.2375094458803,110.224,True,4
2025-08-07T13:30:00+00:00,SPX,2025-08-04,6385.87,RANGE,ADJUSTED,-2.474508541728369,-892.7624868698309,-61.94953111777777,-888.9544868698302,-61.72553111777776,-950.680017987608,-954.7120179876086,110.224,True,4
2025-08-07T14:00:00+00:00,SPX,2025-08-04,6378.37,RANGE,ADJUSTED,1.11805229148149,-892.7624868698309,-60.83147882629628,-888.9544868698302,-60.60747882629627,-949.5619656961265,-953.5939656961272,110.224,True,4
2025-08-07T14:30:00+00:00,SPX,2025-08-04,6356.25,RANGE,ADJUSTED,3.17068327074071,-892.7624868698309,-57.66079555555555,-888.9544868698302,-57.43679555555555,-946.3912824253858,-950.4232824253864,110.224,True,4
2025-08-07T15:00:00+00:00,SPX,2025-08-04,6344.01,RANGE,ADJUSTED,1.805157779876481,-892.7624868698309,-55.85563777567906,-888.9544868698302,-55.631637775679046,-944.5861246455092,-948.61812464551,110.224,True,4
2025-08-07T15:30:00+00:00,SPX,2025-08-04,6337.57,RANGE,ADJUSTED,0.9999918608642702,-892.7624868698309,-54.85564591481477,-888.9544868698302,-54.63164591481477,-943.586132784645,-947.6181327846457,110.224,True,4
2025-08-07T16:00:00+00:00,SPX,2025-08-04,6336.66,RANGE,ADJUSTED,0.22454021333328456,-892.7624868698309,-54.63110570148146,-888.9544868698302,-54.407105701481456,-943.3615925713117,-947.3935925713124,110.224,True,4
2025-08-07T16:30:00+00:00,SPX,2025-08-04,6344.15,RANGE,ADJUSTED,-0.966061145432036,-892.7624868698309,-55.59716684691354,-888.9544868698302,-55.37316684691353,-944.3276537167437,-948.3596537167444,110.224,True,4
2025-08-07T17:00:00+00:00,SPX,2025-08-04,6327.12,RANGE,ADJUSTED,2.5165758281481203,-892.7624868698309,-53.08059101876542,-888.9544868698302,-52.856591018765414,-941.8110778885957,-945.8430778885963,110.224,True,4
2025-08-07T17:30:00+00:00,SPX,2025-08-04,6317.72,RANGE,ADJUSTED,1.443442266172724,-892.7624868698309,-51.63714875259264,-888.9544868698302,-51.413148752592626,-940.3676356224229,-944.3996356224236,110.224,True,4
2025-08-07T18:00:00+00:00,SPX,2025-08-04,6327.01,RANGE,ADJUSTED,-1.225717341851805,-892.7624868698309,-52.862866094444485,-888.9544868698302,-52.638866094444474,-941.5933529642747,-945.6253529642754,110.224,True,4
2025-08-07T18:30:00+00:00,SPX,2025-08-04,6317.46,RANGE,ADJUSTED,1.4741960756790604,-892.7624868698309,-51.38867001876544,-888.9544868698302,-51.164670018765435,-940.1191568885956,-944.1511568885963,110.224,True,4
2025-08-07T19:00:00+00:00,SPX,2025-08-04,6324.1,RANGE,ADJUSTED,-0.8522948812345703,-892.7624868698309,-52.24096490000005,-888.9544868698302,-52.01696490000005,-940.9714517698303,-945.0034517698309,110.224,True,4
2025-08-07T19:30:00+00:00,SPX,2025-08-04,6326.1,RANGE,ADJUSTED,-0.18706826790128162,-892.7624868698309,-52.42803316790129,-888.9544868698302,-52.20403316790128,-941.1585200377315,-945.1905200377322,110.224,True,4
2025-08-07T20:00:00+00:00,SPX,2025-08-04,6341.08,RANGE,ADJUSTED,-2.0742766869135494,-892.7624868698309,-54.50230985481481,-888.9544868698302,-54.27830985481481,-943.232796724645,-947.2647967246457,110.224,True,4
2025-08-08T13:30:00+00:00,SPX,2025-08-04,6359.92,RANGE,EXITED,0.1842790133332528,-947.0805177113125,0.0,-942.9925177113117,0.0,-942.9925177113117,-947.0805177113125,0.0,False,0
2025-08-08T14:00:00+00:00,SPX,2025-08-04,6382.25,TREND_UP,EXITED,0.0,-947.0805177113125,0.0,-942.9925177113117,0.0,-942.9925177113117,-947.0805177113125,0.0,False,0
2025-08-08T14:30:00+00:00,SPX,2025-08-04,6387.67,TREND_UP,EXITED,0.0,-947.0805177113125,0.0,-942.9925177113117,0.0,-942.9925177113117,-947.0805177113125,0.0,False,0
2025-08-08T15:00:00+00:00,SPX,2025-08-04,6379.19,TREND_UP,EXITED,0.0,-947.0805177113125,0.0,-942.9925177113117,0.0,-942.9925177113117,-947.0805177113125,0.0,False,0
2025-08-08T15:30:00+00:00,SPX,2025-08-04,6375.24,TREND_UP,EXITED,0.0,-947.0805177113125,0.0,-942.9925177113117,0.0,-942.9925177113117,-947.0805177113125,0.0,False,0
2025-08-08T16:00:00+00:00,SPX,2025-08-04,6384.67,TREND_UP,EXITED,0.0,-947.0805177113125,0.0,-942.9925177113117,0.0,-942.9925177113117,-947.0805177113125,0.0,False,0
2025-08-08T16:30:00+00:00,SPX,2025-08-04,6386.41,TREND_UP,EXITED,0.0,-947.0805177113125,0.0,-942.9925177113117,0.0,-942.9925177113117,-947.0805177113125,0.0,False,0
2025-08-08T17:00:00+00:00,SPX,2025-08-04,6383.04,TREND_UP,EXITED,0.0,-947.0805177113125,0.0,-942.9925177113117,0.0,-942.9925177113117,-947.0805177113125,0.0,False,0
2025-08-08T17:30:00+00:00,SPX,2025-08-04,6385.53,RANGE,EXITED,0.0,-947.0805177113125,0.0,-942.9925177113117,0.0,-942.9925177113117,-947.0805177113125,0.0,False,0
2025-08-08T18:00:00+00:00,SPX,2025-08-04,6393.83,RANGE,EXITED,0.0,-947.0805177113125,0.0,-942.9925177113117,0.0,-942.9925177113117,-947.0805177113125,0.0,False,0
2025-08-08T18:30:00+00:00,SPX,2025-08-04,6393.01,RANGE,EXITED,0.0,-947.0805177113125,0.0,-942.9925177113117,0.0,-942.9925177113117,-947.0805177113125,0.0,False,0
2025-08-08T19:00:00+00:00,SPX,2025-08-04,6389.88,RANGE,EXITED,0.0,-947.0805177113125,0.0,-942.9925177113117,0.0,-942.9925177113117,-947.0805177113125,0.0,False,0
2025-08-08T19:30:00+00:00,SPX,2025-08-04,6388.24,RANGE,EXITED,0.0,-947.0805177113125,0.0,-942.9925177113117,0.0,-942.9925177113117,-947.0805177113125,0.0,False,0
2025-08-08T20:00:00+00:00,SPX,2025-08-04,6390.19,RANGE,EXITED,0.0,-947.0805177113125,0.0,-942.9925177113117,0.0,-942.9925177113117,-947.0805177113125,0.0,False,0
2025-08-11T13:30:00+00:00,SPX,2025-08-11,6387.79,RANGE,IDLE,0.0,-947.0805177113125,0.0,-942.9925177113117,0.0,-942.9925177113117,-947.0805177113125,0.0,False,0
2025-08-11T14:00:00+00:00,SPX,2025-08-11,6392.64,RANGE,ACTIVE,-82.66800000000012,-947.0805177113125,-82.668,-942.9925177113117,-82.5,-1025.4925177113118,-1029.7485177113126,82.668,False,3
2025-08-11T14:30:00+00:00,SPX,2025-08-11,6390.11,RANGE,ADJUSTED,15.73110547555575,-947.0805177113125,-66.93689452444443,-942.9925177113117,-66.71289452444442,-1009.7054122357562,-1014.0174122357569,110.224,True,4
2025-08-11T15:00:00+00:00,SPX,2025-08-11,6385.7,RANGE,ADJUSTED,-0.1858830002470313,-947.0805177113125,-67.12277752469137,-942.9925177113117,-66.89877752469137,-1009.8912952360031,-1014.2032952360039,110.224,True,4
2025-08-11T15:30:00+00:00,SPX,2025-08-11,6389.95,RANGE,ADJUSTED,0.40862588148149825,-947.0805177113125,-66.71415164320989,-942.9925177113117,-66.49015164320988,-1009.4826693545216,-1013.7946693545224,110.224,True,4
2025-08-11T16:00:00+00:00,SPX,2025-08-11,6397.41,RANGE,ADJUSTED,-0.4162864023456905,-947.0805177113125,-67.13043804555555,-942.9925177113117,-66.90643804555555,-1009.8989557568673,-1014.2109557568681,110.224,True,4
2025-08-11T16:30:00+00:00,SPX,2025-08-11,6401.2,RANGE,ADJUSTED,-0.16677784580247135,-947.0805177113125,-67.29721589135801,-942.9925177113117,-67.073215891358,-1010.0657336026698,-1014.3777336026706,110.224,True,4
2025-08-11T17:00:00+00:00,SPX,2025-08-11,6392.82,RANGE,ADJUSTED,0.710393083209965,-947.0805177113125,-66.58682280814813,-942.9925177113117,-66.36282280814812,-1009.3553405194599,-1013.6673405194606,110.224,True,4
2025-08-11T17:30:00+00:00,SPX,2025-08-11,6390.53,RANGE,ADJUSTED,0.27478778962961314,-947.0805177113125,-66.3120350185185,-942.9925177113117,-66.0880350185185,-1009.0805527298303,-1013.392552729831,110.224,True,4
2025-08-11T18:00:00+00:00,SPX,2025-08-11,6384.02,RANGE,ADJUSTED,-0.2907208958024512,-947.0805177113125,-66.60275591432097,-942.9925177113117,-66.37875591432095,-1009.3712736256327,-1013.6832736256334,110.224,True,4
2025-08-11T18:30:00+00:00,SPX,2025-08-11,6383.94,RANGE,ADJUSTED,0.10048543728385084,-947.0805177113125,-66.50227047703707,-942.9925177113117,-66.27827047703707,-1009.2707881883488,-1013.5827881883496,110.224,True,4
2025-08-11T19:00:00+00:00,SPX,2025-08-11,6383.22,RANGE,ADJUSTED,0.05284156370373694,-947.0805177113125,-66.44942891333332,-942.9925177113117,-66.22542891333332,-1009.217946624645,-1013.5299466246458,110.224,True,4
2025-08-11T19:30:00+00:00,SPX,2025-08-11,6379.55,RANGE,ADJUSTED,-0.16854117432092153,-947.0805177113125,-66.61797008765431,-942.9925177113117,-66.39397008765431,-1009.3864877989661,-1013.6984877989668,110.224,True,4
2025-08-11T20:00:00+00:00,SPX,2025-08-11,6374.49,RANGE,ADJUSTED,-0.2767648549382784,-947.0805177113125,-66.8947349425926,-942.9925177113117,-66.6707349425926,-1009.6632526539044,-1013.975252653905,110.224,True,4
2025-08-12T13:30:00+00:00,SPX,2025-08-11,6411.65,RANGE,ADJUSTED,2.9950110598765605,-947.0805177113125,-63.89972388271602,-942.9925177113117,-63.675723882716014,-1006.6682415940278,-1010.9802415940285,110.224,True,4
2025-08-12T14:00:00+00:00,SPX,2025-08-11,6396.83,RANGE,ADJUSTED,1.4737977480245945,-947.0805177113125,-62.42592613469135,-942.9925177113117,-62.20192613469135,-1005.1944438460031,-1009.5064438460039,110.224,True,4
2025-08-12T14:30:00+00:00,SPX,2025-08-11,6407.07,RANGE,ADJUSTED,-0.8490742564197262,-947.0805177113125,-63.27500039111109,-942.9925177113117,-63.05100039111109,-1006.0435181024228,-1010.3555181024236,110.224,True,4
2025-08-12T15:00:00+00:00,SPX,2025-08-11,6421.06,RANGE,ADJUSTED,-1.2105954639506535,-947.0805177113125,-64.48559585506177,-942.9925177113117,-64.26159585506177,-1007.2541135663735,-1011.5661135663743,110.224,True,4
2025-08-12T15:30:00+00:00,SPX,2025-08-11,6426.23,RANGE,ADJUSTED,-0.39300366518511964,-947.0805177113125,-64.87859952024688,-942.9925177113117,-64.65459952024688,-1007.6471172315586,-1011.9591172315594,110.224,True,4
2025-08-12T16:00:00+00:00,SPX,2025-08-11,6428.65,RANGE,ADJUSTED,-0.13753476679005416,-947.0805177113125,-65.016134287037,-942.9925177113117,-64.792134287037,-1007.7846519983487,-1012.0966519983494,110.224,True,4
2025-08-12T16:30:00+00:00,SPX,2025-08-11,6434.17,RANGE,ADJUSTED,-0.4350369480248446,-947.0805177113125,-65.45117123506174,-942.9925177113117,-65.22717123506173,-1008.2196889463735,-1012.5316889463743,110.224,True,4
2025-08-12T17:00:00+00:00,SPX,2025-08-11,6434.71,TREND_UP,ABORTED,-0.019834763580320214,-1012.5515237099546,0.0,-1008.1835237099539,0.0,-1008.1835237099539,-1012.5515237099546,0.0,False,0
2025-08-12T17:30:00+00:00,SPX,2025-08-11,6437.45,RANGE,ABORTED,0.0,-1012.5515237099546,0.0,-1008.1835237099539,0.0,-1008.1835237099539,-1012.5515237099546,0.0,False,0
2025-08-12T18:00:00+00:00,SPX,2025-08-11,6439.75,RANGE,ABORTED,0.0,-1012.5515237099546,0.0,-1008.1835237099539,0.0,-1008.1835237099539,-1012.5515237099546,0.0,False,0
2025-08-12T18:30:00+00:00,SPX,2025-08-11,6439.08,TREND_UP,ABORTED,0.0,-1012.5515237099546,0.0,-1008.1835237099539,0.0,-1008.1835237099539,-1012.5515237099546,0.0,False,0
2025-08-12T19:00:00+00:00,SPX,2025-08-11,6439.58,RANGE,ABORTED,0.0,-1012.5515237099546,0.0,-1008.1835237099539,0.0,-1008.1835237099539,-1012.5515237099546,0.0,False,0
2025-08-12T19:30:00+00:00,SPX,2025-08-11,6442.5,RANGE,ABORTED,0.0,-1012.5515237099546,0.0,-1008.1835237099539,0.0,-1008.1835237099539,-1012.5515237099546,0.0,False,0
2025-08-12T20:00:00+00:00,SPX,2025-08-11,6445.3,RANGE,ABORTED,0.0,-1012.5515237099546,0.0,-1008.1835237099539,0.0,-1008.1835237099539,-1012.5515237099546,0.0,False,0
2025-08-13T13:30:00+00:00,SPX,2025-08-11,6470.04,TREND_UP,ABORTED,0.0,-1012.5515237099546,0.0,-1008.1835237099539,0.0,-1008.1835237099539,-1012.5515237099546,0.0,False,0
2025-08-13T14:00:00+00:00,SPX,2025-08-11,6470.3,RANGE,ABORTED,0.0,-1012.5515237099546,0.0,-1008.1835237099539,0.0,-1008.1835237099539,-1012.5515237099546,0.0,False,0
2025-08-13T14:30:00+00:00,SPX,2025-08-11,6458.57,RANGE,ABORTED,0.0,-1012.5515237099546,0.0,-1008.1835237099539,0.0,-1008.1835237099539,-1012.5515237099546,0.0,False,0
2025-08-13T15:00:00+00:00,SPX,2025-08-11,6454.0,RANGE,ABORTED,0.0,-1012.5515237099546,0.0,-1008.1835237099539,0.0,-1008.1835237099539,-1012.5515237099546,0.0,False,0
2025-08-13T15:30:00+00:00,SPX,2025-08-11,6456.59,RANGE,ABORTED,0.0,-1012.5515237099546,0.0,-1008.1835237099539,0.0,-1008.1835237099539,-1012.5515237099546,0.0,False,0
2025-08-13T16:00:00+00:00,SPX,2025-08-11,6456.07,RANGE,ABORTED,0.0,-1012.5515237099546,0.0,-1008.1835237099539,0.0,-1008.1835237099539,-1012.5515237099546,0.0,False,0
2025-08-13T16:30:00+00:00,SPX,2025-08-11,6452.07,RANGE,ABORTED,0.0,-1012.5515237099546,0.0,-1008.1835237099539,0.0,-1008.1835237099539,-1012.5515237099546,0.0,False,0
2025-08-13T17:00:00+00:00,SPX,2025-08-11,6452.69,RANGE,ABORTED,0.0,-1012.5515237099546,0.0,-1008.1835237099539,0.0,-1008.1835237099539,-1012.5515237099546,0.0,False,0
2025-08-13T17:30:00+00:00,SPX,2025-08-11,6446.34,RANGE,ABORTED,0.0,-1012.5515237099546,0.0,-1008.1835237099539,0.0,-1008.1835237099539,-1012.5515237099546,0.0,False,0
2025-08-13T18:00:00+00:00,SPX,2025-08-11,6455.93,RANGE,ABORTED,0.0,-1012.5515237099546,0.0,-1008.1835237099539,0.0,-1008.1835237099539,-1012.5515237099546,0.0,False,0
2025-08-13T18:30:00+00:00,SPX,2025-08-11,6459.39,RANGE,ABORTED,0.0,-1012.5515237099546,0.0,-1008.1835237099539,0.0,-1008.1835237099539,-1012.5515237099546,0.0,False,0
2025-08-13T19:00:00+00:00,SPX,2025-08-11,6458.5,RANGE,ABORTED,0.0,-1012.5515237099546,0.0,-1008.1835237099539,0.0,-1008.1835237099539,-1012.5515237099546,0.0,False,0
2025-08-13T19:30:00+00:00,SPX,2025-08-11,6459.13,RANGE,ABORTED,0.0,-1012.5515237099546,0.0,-1008.1835237099539,0.0,-1008.1835237099539,-1012.5515237099546,0.0,False,0
2025-08-13T20:00:00+00:00,SPX,2025-08-11,6466.79,TREND_UP,ABORTED,0.0,-1012.5515237099546,0.0,-1008.1835237099539,0.0,-1008.1835237099539,-1012.5515237099546,0.0,False,0
2025-08-14T13:30:00+00:00,SPX,2025-08-11,6448.27,RANGE,ABORTED,0.0,-1012.5515237099546,0.0,-1008.1835237099539,0.0,-1008.1835237099539,-1012.5515237099546,0.0,False,0
2025-08-14T14:00:00+00:00,SPX,2025-08-11,6459.36,TREND_UP,ABORTED,0.0,-1012.5515237099546,0.0,-1008.1835237099539,0.0,-1008.1835237099539,-1012.5515237099546,0.0,False,0
2025-08-14T14:30:00+00:00,SPX,2025-08-11,6464.63,TREND_UP,ABORTED,0.0,-1012.5515237099546,0.0,-1008.1835237099539,0.0,-1008.1835237099539,-1012.5515237099546,0.0,False,0
2025-08-14T15:00:00+00:00,SPX,2025-08-11,6463.61,TREND_UP,ABORTED,0.0,-1012.5515237099546,0.0,-1008.1835237099539,0.0,-1008.1835237099539,-1012.5515237099546,0.0,False,0
2025-08-14T15:30:00+00:00,SPX,2025-08-11,6452.2,TREND_UP,ABORTED,0.0,-1012.5515237099546,0.0,-1008.1835237099539,0.0,-1008.1835237099539,-1012.5515237099546,0.0,False,0
2025-08-14T16:00:00+00:00,SPX,2025-08-11,6455.15,TREND_UP,ABORTED,0.0,-1012.5515237099546,0.0,-1008.1835237099539,0.0,-1008.1835237099539,-1012.5515237099546,0.0,False,0
2025-08-14T16:30:00+00:00,SPX,2025-08-11,6451.6,RANGE,ABORTED,0.0,-1012.5515237099546,0.0,-1008.1835237099539,0.0,-1008.1835237099539,-1012.5515237099546,0.0,False,0
2025-08-14T17:00:00+00:00,SPX,2025-08-11,6460.82,RANGE,ABORTED,0.0,-1012.5515237099546,0.0,-1008.1835237099539,0.0,-1008.1835237099539,-1012.5515237099546,0.0,False,0
2025-08-14T17:30:00+00:00,SPX,2025-08-11,6466.47,RANGE,ABORTED,0.0,-1012.5515237099546,0.0,-1008.1835237099539,0.0,-1008.1835237099539,-1012.5515237099546,0.0,False,0
2025-08-14T18:00:00+00:00,SPX,2025-08-11,6462.85,RANGE,ABORTED,0.0,-1012.5515237099546,0.0,-1008.1835237099539,0.0,-1008.1835237099539,-1012.5515237099546,0.0,False,0
2025-08-14T18:30:00+00:00,SPX,2025-08-11,6459.23,RANGE,ABORTED,0.0,-1012.5515237099546,0.0,-1008.1835237099539,0.0,-1008.1835237099539,-1012.5515237099546,0.0,False,0
2025-08-14T19:00:00+00:00,SPX,2025-08-11,6464.13,RANGE,ABORTED,0.0,-1012.5515237099546,0.0,-1008.1835237099539,0.0,-1008.1835237099539,-1012.5515237099546,0.0,False,0
2025-08-14T19:30:00+00:00,SPX,2025-08-11,6466.05,RANGE,ABORTED,0.0,-1012.5515237099546,0.0,-1008.1835237099539,0.0,-1008.1835237099539,-1012.5515237099546,0.0,False,0
2025-08-14T20:00:00+00:00,SPX,2025-08-11,6467.8,RANGE,ABORTED,0.0,-1012.5515237099546,0.0,-1008.1835237099539,0.0,-1008.1835237099539,-1012.5515237099546,0.0,False,0
2025-08-15T13:30:00+00:00,SPX,2025-08-11,6468.96,RANGE,ABORTED,0.0,-1012.5515237099546,0.0,-1008.1835237099539,0.0,-1008.1835237099539,-1012.5515237099546,0.0,False,0
2025-08-15T14:00:00+00:00,SPX,2025-08-11,6461.2,RANGE,ABORTED,0.0,-1012.5515237099546,0.0,-1008.1835237099539,0.0,-1008.1835237099539,-1012.5515237099546,0.0,False,0
2025-08-15T14:30:00+00:00,SPX,2025-08-11,6455.25,RANGE,ABORTED,0.0,-1012.5515237099546,0.0,-1008.1835237099539,0.0,-1008.1835237099539,-1012.5515237099546,0.0,False,0
2025-08-15T15:00:00+00:00,SPX,2025-08-11,6451.66,RANGE,ABORTED,0.0,-1012.5515237099546,0.0,-1008.1835237099539,0.0,-1008.1835237099539,-1012.5515237099546,0.0,False,0
2025-08-15T15:30:00+00:00,SPX,2025-08-11,6455.42,RANGE,ABORTED,0.0,-1012.5515237099546,0.0,-1008.1835237099539,0.0,-1008.1835237099539,-1012.5515237099546,0.0,False,0
2025-08-15T16:00:00+00:00,SPX,2025-08-11,6449.04,RANGE,ABORTED,0.0,-1012.5515237099546,0.0,-1008.1835237099539,0.0,-1008.1835237099539,-1012.5515237099546,0.0,False,0
2025-08-15T16:30:00+00:00,SPX,2025-08-11,6452.5,RANGE,ABORTED,0.0,-1012.5515237099546,0.0,-1008.1835237099539,0.0,-1008.1835237099539,-1012.5515237099546,0.0,False,0
2025-08-15T17:00:00+00:00,SPX,2025-08-11,6457.51,RANGE,ABORTED,0.0,-1012.5515237099546,0.0,-1008.1835237099539,0.0,-1008.1835237099539,-1012.5515237099546,0.0,False,0
2025-08-15T17:30:00+00:00,SPX,2025-08-11,6460.44,RANGE,ABORTED,0.0,-1012.5515237099546,0.0,-1008.1835237099539,0.0,-1008.1835237099539,-1012.5515237099546,0.0,False,0
2025-08-15T18:00:00+00:00,SPX,2025-08-11,6461.32,RANGE,ABORTED,0.0,-1012.5515237099546,0.0,-1008.1835237099539,0.0,-1008.1835237099539,-1012.5515237099546,0.0,False,0
2025-08-15T18:30:00+00:00,SPX,2025-08-11,6461.61,RANGE,ABORTED,0.0,-1012.5515237099546,0.0,-1008.1835237099539,0.0,-1008.1835237099539,-1012.5515237099546,0.0,False,0
2025-08-15T19:00:00+00:00,SPX,2025-08-11,6452.97,RANGE,ABORTED,0.0,-1012.5515237099546,0.0,-1008.1835237099539,0.0,-1008.1835237099539,-1012.5515237099546,0.0,False,0
2025-08-15T19:30:00+00:00,SPX,2025-08-11,6453.99,RANGE,ABORTED,0.0,-1012.5515237099546,0.0,-1008.1835237099539,0.0,-1008.1835237099539,-1012.5515237099546,0.0,False,0
2025-08-15T20:00:00+00:00,SPX,2025-08-11,6450.12,RANGE,ABORTED,0.0,-1012.5515237099546,0.0,-1008.1835237099539,0.0,-1008.1835237099539,-1012.5515237099546,0.0,False,0
2025-08-18T13:30:00+00:00,SPX,2025-08-18,6450.28,RANGE,IDLE,0.0,-1012.5515237099546,0.0,-1008.1835237099539,0.0,-1008.1835237099539,-1012.5515237099546,0.0,False,0
2025-08-18T14:00:00+00:00,SPX,2025-08-18,6448.65,RANGE,ACTIVE,-82.66799999999989,-1012.5515237099546,-82.668,-1008.1835237099539,-82.5,-1090.683523709954,-1095.2195237099545,82.668,False,3
2025-08-18T14:30:00+00:00,SPX,2025-08-18,6448.36,RANGE,ADJUSTED,15.624081635555513,-1012.5515237099546,-67.04391836444447,-1008.1835237099539,-66.81991836444446,-1075.0034420743984,-1079.595442074399,110.224,True,4
2025-08-18T15:00:00+00:00,SPX,2025-08-18,6449.11,RANGE,ADJUSTED,0.1613275576542037,-1012.5515237099546,-66.88259080679015,-1008.1835237099539,-66.65859080679014,-1074.842114516744,-1079.4341145167448,110.224,True,4
2025-08-18T15:30:00+00:00,SPX,2025-08-18,6443.24,RANGE,ADJUSTED,-0.3074457996297042,-1012.5515237099546,-67.19003660641977,-1008.1835237099539,-66.96603660641976,-1075.1495603163737,-1079.7415603163745,110.224,True,4
2025-08-18T16:00:00+00:00,SPX,2025-08-18,6443.09,RANGE,ADJUSTED,0.09530232012366469,-1012.5515237099546,-67.09473428629629,-1008.1835237099539,-66.87073428629628,-1075.0542579962503,-1079.6462579962508,110.224,True,4
2025-08-18T16:30:00+00:00,SPX,2025-08-18,6445.86,RANGE,ADJUSTED,0.30508497962955516,-1012.5515237099546,-66.78964930666669,-1008.1835237099539,-66.56564930666669,-1074.7491730166205,-1079.3411730166213,110.224,True,4
2025-08-18T17:00:00+00:00,SPX,2025-08-18,6444.51,RANGE,ADJUSTED,0.009574436666753172,-1012.5515237099546,-66.78007486999999,-1008.1835237099539,-66.55607486999997,-1074.739598579954,-1079.3315985799545,110.224,True,4
2025-08-18T17:30:00+00:00,SPX,2025-08-18,6450.18,RANGE,ADJUSTED,0.4935425366666095,-1012.5515237099546,-66.28653233333335,-1008.1835237099539,-66.06253233333335,-1074.2460560432871,-1078.838056043288,110.224,True,4
2025-08-18T18:00:00+00:00,SPX,2025-08-18,6442.7,RANGE,ADJUSTED,-0.41304634691368847,-1012.5515237099546,-66.69957868024693,-1008.1835237099539,-66.47557868024693,-1074.6591023902008,-1079.2511023902016,110.224,True,4
2025-08-18T18:30:00+00:00,SPX,2025-08-18,6445.3,RANGE,ADJUSTED,0.2977256333333571,-1012.5515237099546,-66.40185304691357,-1008.1835237099539,-66.17785304691357,-1074.3613767568675,-1078.9533767568682,110.224,True,4
2025-08-18T19:00:00+00:00,SPX,2025-08-18,6450.37,RANGE,ADJUSTED,0.4288288658026431,-1012.5515237099546,-65.9730241811111,-1008.1835237099539,-65.7490241811111,-1073.932547891065,-1078.5245478910656,110.224,True,4
2025-08-18T19:30:00+00:00,SPX,2025-08-18,6447.74,RANGE,ADJUSTED,-0.03226939765454517,-1012.5515237099546,-66.00529357876545,-1008.1835237099539,-65.78129357876544,-1073.9648172887194,-1078.5568172887201,110.224,True,4
2025-08-18T20:00:00+00:00,SPX,2025-08-18,6449.24,RANGE,ADJUSTED,0.2211398553088202,-1012.5515237099546,-65.78415372345681,-1008.1835237099539,-65.5601537234568,-1073.7436774334108,-1078.3356774334113,110.224,True,4
2025-08-19T13:30:00+00:00,SPX,2025-08-18,6436.45,RANGE,ADJUSTED,2.6320228407405466,-1012.5515237099546,-63.152130882716065,-1008.1835237099539,-62.92813088271606,-1071.11165459267,-1075.7036545926708,110.224,True,4
2025-08-19T14:00:00+00:00,SPX,2025-08-18,6456.31,RANGE,ADJUSTED,0.7744509707408724,-1012.5515237099546,-62.37767991197535,-1008.1835237099539,-62.153679911975345,-1070.3372036219291,-1074.92920362193,110.224,True,4
2025-08-19T14:30:00+00:00,SPX,2025-08-18,6448.71,RANGE,ADJUSTED,0.5744321964198207,-1012.5515237099546,-61.80324771555556,-1008.1835237099539,-61.57924771555555,-1069.7627714255095,-1074.35477142551,110.224,True,4
2025-08-19T15:00:00+00:00,SPX,2025-08-18,6427.79,RANGE,ADJUSTED,-1.8526364932099568,-1012.5515237099546,-63.65588420876544,-1008.1835237099539,-63.43188420876544,-1071.6154079187193,-1076.20740791872,110.224,True,4
2025-08-19T15:30:00+00:00,SPX,2025-08-18,6433.4,RANGE,ADJUSTED,0.6271863223455512,-1012.5515237099546,-63.02869788641979,-1008.1835237099539,-62.80469788641978,-1070.9882215963737,-1075.5802215963745,110.224,True,4
2025-08-19T16:00:00+00:00,SPX,2025-08-18,6423.39,RANGE,ADJUSTED,-0.8469563191356428,-1012.5515237099546,-63.87565420555552,-1008.1835237099539,-63.651654205555516,-1071.8351779155093,-1076.4271779155101,110.224,True,4
2025-08-19T16:30:00+00:00,SPX,2025-08-18,6418.95,RANGE,ADJUSTED,-0.32636150555572385,-1012.5515237099546,-64.20201571111113,-1008.1835237099539,-63.97801571111113,-1072.161539421065,-1076.7535394210659,110.224,True,4
2025-08-19T17:00:00+00:00,SPX,2025-08-18,6408.08,RANGE,ADJUSTED,-0.9459990330863093,-1012.5515237099546,-65.14801474419754,-1008.1835237099539,-64.92401474419754,-1073.1075384541514,-1077.6995384541522,110.224,True,4
2025-08-19T17:30:00+00:00,SPX,2025-08-18,6413.28,RANGE,ADJUSTED,0.5890780241975335,-1012.5515237099546,-64.55893672000002,-1008.1835237099539,-64.33493672000002,-1072.5184604299538,-1077.1104604299546,110.224,True,4
2025-08-19T18:00:00+00:00,SPX,2025-08-18,6407.14,RANGE,ADJUSTED,-0.5020774353085926,-1012.5515237099546,-65.06101415530861,-1008.1835237099539,-64.83701415530861,-1073.0205378652624,-1077.6125378652632,110.224,True,4
2025-08-19T18:30:00+00:00,SPX,2025-08-18,6404.18,RANGE,ADJUSTED,-0.19909581999991133,-1012.5515237099546,-65.26010997530862,-1008.1835237099539,-65.03610997530862,-1073.2196336852626,-1077.8116336852631,110.224,True,4
2025-08-19T19:00:00+00:00,SPX,2025-08-18,6403.09,RANGE,ADJUSTED,-0.019386898395168828,-1012.5515237099546,-65.27949687370369,-1008.1835237099539,-65.05549687370369,-1073.2390205836575,-1077.8310205836583,110.224,True,4
2025-08-19T19:30:00+00:00,SPX,2025-08-18,6408.37,RANGE,ADJUSTED,0.6046079450616162,-1012.5515237099546,-64.67488892864199,-1008.1835237099539,-64.45088892864199,-1072.634412638596,-1077.2264126385967,110.224,True,4
2025-08-19T20:00:00+00:00,SPX,2025-08-18,6411.8,RANGE,ADJUSTED,0.4273084200001449,-1012.5515237099546,-64.24758050864196,-1008.1835237099539,-64.02358050864196,-1072.2071042185958,-1076.7991042185965,110.224,True,4
2025-08-20T13:30:00+00:00,SPX,2025-08-18,6400.59,RANGE,ADJUSTED,1.879921937530753,-1012.5515237099546,-62.36765857111109,-1008.1835237099539,-62.14365857111109,-1070.327182281065,-1074.9191822810658,110.224,True,4
2025-08-20T14:00:00+00:00,SPX,2025-08-18,6370.36,TREND_DOWN,ABORTED,-3.480345121728533,-1078.3995274027943,0.0,-1073.7515274027935,0.0,-1073.7515274027935,-1078.3995274027943,0.0,False,0
2025-08-20T14:30:00+00:00,SPX,2025-08-18,6355.07,RANGE,ABORTED,0.0,-1078.3995274027943,0.0,-1073.7515274027935,0.0,-1073.7515274027935,-1078.3995274027943,0.0,False,0
2025-08-20T15:00:00+00:00,SPX,2025-08-18,6351.42,RANGE,ABORTED,0.0,-1078.3995274027943,0.0,-1073.7515274027935,0.0,-1073.7515274027935,-1078.3995274027943,0.0,False,0
2025-08-20T15:30:00+00:00,SPX,2025-08-18,6382.38,RANGE,ABORTED,0.0,-1078.3995274027943,0.0,-1073.7515274027935,0.0,-1073.7515274027935,-1078.3995274027943,0.0,False,0
2025-08-20T16:00:00+00:00,SPX,2025-08-18,6371.67,RANGE,ABORTED,0.0,-1078.3995274027943,0.0,-1073.7515274027935,0.0,-1073.7515274027935,-1078.3995274027943,0.0,False,0
2025-08-20T16:30:00+00:00,SPX,2025-08-18,6385.08,RANGE,ABORTED,0.0,-1078.3995274027943,0.0,-1073.7515274027935,0.0,-1073.7515274027935,-1078.3995274027943,0.0,False,0
2025-08-20T17:00:00+00:00,SPX,2025-08-18,6383.31,RANGE,ABORTED,0.0,-1078.3995274027943,0.0,-1073.7515274027935,0.0,-1073.7515274027935,-1078.3995274027943,0.0,False,0
2025-08-20T17:30:00+00:00,SPX,2025-08-18,6389.69,RANGE,ABORTED,0.0,-1078.3995274027943,0.0,-1073.7515274027935,0.0,-1073.7515274027935,-1078.3995274027943,0.0,False,0
2025-08-20T18:00:00+00:00,SPX,2025-08-18,6377.16,RANGE,ABORTED,0.0,-1078.3995274027943,0.0,-1073.7515274027935,0.0,-1073.7515274027935,-1078.3995274027943,0.0,False,0
2025-08-20T18:30:00+00:00,SPX,2025-08-18,6377.2,RANGE,ABORTED,0.0,-1078.3995274027943,0.0,-1073.7515274027935,0.0,-1073.7515274027935,-1078.3995274027943,0.0,False,0
2025-08-20T19:00:00+00:00,SPX,2025-08-18,6385.97,RANGE,ABORTED,0.0,-1078.3995274027943,0.0,-1073.7515274027935,0.0,-1073.7515274027935,-1078.3995274027943,0.0,False,0
2025-08-20T19:30:00+00:00,SPX,2025-08-18,6402.06,RANGE,ABORTED,0.0,-1078.3995274027943,0.0,-1073.7515274027935,0.0,-1073.7515274027935,-1078.3995274027943,0.0,False,0
2025-08-20T20:00:00+00:00,SPX,2025-08-18,6394.88,RANGE,ABORTED,0.0,-1078.3995274027943,0.0,-1073.7515274027935,0.0,-1073.7515274027935,-1078.3995274027943,0.0,False,0
2025-08-21T13:30:00+00:00,SPX,2025-08-18,6374.83,RANGE,ABORTED,0.0,-1078.3995274027943,0.0,-1073.7515274027935,0.0,-1073.7515274027935,-1078.3995274027943,0.0,False,0
2025-08-21T14:00:00+00:00,SPX,2025-08-18,6381.4,RANGE,ABORTED,0.0,-1078.3995274027943,0.0,-1073.7515274027935,0.0,-1073.7515274027935,-1078.3995274027943,0.0,False,0
2025-08-21T14:30:00+00:00,SPX,2025-08-18,6385.88,RANGE,ABORTED,0.0,-1078.3995274027943,0.0,-1073.7515274027935,0.0,-1073.7515274027935,-1078.3995274027943,0.0,False,0
2025-08-21T15:00:00+00:00,SPX,2025-08-18,6383.64,RANGE,ABORTED,0.0,-1078.3995274027943,0.0,-1073.7515274027935,0.0,-1073.7515274027935,-1078.3995274027943,0.0,False,0
2025-08-21T15:30:00+00:00,SPX,2025-08-18,6387.23,RANGE,ABORTED,0.0,-1078.3995274027943,0.0,-1073.7515274027935,0.0,-1073.7515274027935,-1078.3995274027943,0.0,False,0
2025-08-21T16:00:00+00:00,SPX,2025-08-18,6365.55,RANGE,ABORTED,0.0,-1078.3995274027943,0.0,-1073.7515274027935,0.0,-1073.7515274027935,-1078.3995274027943,0.0,False,0
2025-08-21T16:30:00+00:00,SPX,2025-08-18,6365.96,RANGE,ABORTED,0.0,-1078.3995274027943,0.0,-1073.7515274027935,0.0,-1073.7515274027935,-1078.3995274027943,0.0,False,0
2025-08-21T17:00:00+00:00,SPX,2025-08-18,6365.54,RANGE,ABORTED,0.0,-1078.3995274027943,0.0,-1073.7515274027935,0.0,-1073.7515274027935,-1078.3995274027943,0.0,False,0
2025-08-21T17:30:00+00:00,SPX,2025-08-18,6363.62,RANGE,ABORTED,0.0,-1078.3995274027943,0.0,-1073.7515274027935,0.0,-1073.7515274027935,-1078.3995274027943,0.0,False,0
2025-08-21T18:00:00+00:00,SPX,2025-08-18,6372.95,RANGE,ABORTED,0.0,-1078.3995274027943,0.0,-1073.7515274027935,0.0,-1073.7515274027935,-1078.3995274027943,0.0,False,0
2025-08-21T18:30:00+00:00,SPX,2025-08-18,6369.65,RANGE,ABORTED,0.0,-1078.3995274027943,0.0,-1073.7515274027935,0.0,-1073.7515274027935,-1078.3995274027943,0.0,False,0
2025-08-21T19:00:00+00:00,SPX,2025-08-18,6375.76,RANGE,ABORTED,0.0,-1078.3995274027943,0.0,-1073.7515274027935,0.0,-1073.7515274027935,-1078.3995274027943,0.0,False,0
2025-08-21T19:30:00+00:00,SPX,2025-08-18,6371.74,RANGE,ABORTED,0.0,-1078.3995274027943,0.0,-1073.7515274027935,0.0,-1073.7515274027935,-1078.3995274027943,0.0,False,0
2025-08-21T20:00:00+00:00,SPX,2025-08-18,6370.18,RANGE,ABORTED,0.0,-1078.3995274027943,0.0,-1073.7515274027935,0.0,-1073.7515274027935,-1078.3995274027943,0.0,False,0
2025-08-22T13:30:00+00:00,SPX,2025-08-18,6390.4,RANGE,ABORTED,0.0,-1078.3995274027943,0.0,-1073.7515274027935,0.0,-1073.7515274027935,-1078.3995274027943,0.0,False,0
2025-08-22T14:00:00+00:00,SPX,2025-08-18,6445.89,RANGE,ABORTED,0.0,-1078.3995274027943,0.0,-1073.7515274027935,0.0,-1073.7515274027935,-1078.3995274027943,0.0,False,0
2025-08-22T14:30:00+00:00,SPX,2025-08-18,6464.11,RANGE,ABORTED,0.0,-1078.3995274027943,0.0,-1073.7515274027935,0.0,-1073.7515274027935,-1078.3995274027943,0.0,False,0
2025-08-22T15:00:00+00:00,SPX,2025-08-18,6476.64,RANGE,ABORTED,0.0,-1078.3995274027943,0.0,-1073.7515274027935,0.0,-1073.7515274027935,-1078.3995274027943,0.0,False,0
2025-08-22T15:30:00+00:00,SPX,2025-08-18,6478.05,RANGE,ABORTED,0.0,-1078.3995274027943,0.0,-1073.7515274027935,0.0,-1073.7515274027935,-1078.3995274027943,0.0,False,0
2025-08-22T16:00:00+00:00,SPX,2025-08-18,6472.82,RANGE,ABORTED,0.0,-1078.3995274027943,0.0,-1073.7515274027935,0.0,-1073.7515274027935,-1078.3995274027943,0.0,False,0
2025-08-22T16:30:00+00:00,SPX,2025-08-18,6465.82,RANGE,ABORTED,0.0,-1078.3995274027943,0.0,-1073.7515274027935,0.0,-1073.7515274027935,-1078.3995274027943,0.0,False,0
2025-08-22T17:00:00+00:00,SPX,2025-08-18,6466.77,RANGE,ABORTED,0.0,-1078.3995274027943,0.0,-1073.7515274027935,0.0,-1073.7515274027935,-1078.3995274027943,0.0,False,0
2025-08-22T17:30:00+00:00,SPX,2025-08-18,6473.83,RANGE,ABORTED,0.0,-1078.3995274027943,0.0,-1073.7515274027935,0.0,-1073.7515274027935,-1078.3995274027943,0.0,False,0
2025-08-22T18:00:00+00:00,SPX,2025-08-18,6473.55,RANGE,ABORTED,0.0,-1078.3995274027943,0.0,-1073.7515274027935,0.0,-1073.7515274027935,-1078.3995274027943,0.0,False,0
2025-08-22T18:30:00+00:00,SPX,2025-08-18,6471.0,RANGE,ABORTED,0.0,-1078.3995274027943,0.0,-1073.7515274027935,0.0,-1073.7515274027935,-1078.3995274027943,0.0,False,0
2025-08-22T19:00:00+00:00,SPX,2025-08-18,6470.0,RANGE,ABORTED,0.0,-1078.3995274027943,0.0,-1073.7515274027935,0.0,-1073.7515274027935,-1078.3995274027943,0.0,False,0
2025-08-22T19:30:00+00:00,SPX,2025-08-18,6463.96,RANGE,ABORTED,0.0,-1078.3995274027943,0.0,-1073.7515274027935,0.0,-1073.7515274027935,-1078.3995274027943,0.0,False,0
2025-08-22T20:00:00+00:00,SPX,2025-08-18,6466.35,RANGE,ABORTED,0.0,-1078.3995274027943,0.0,-1073.7515274027935,0.0,-1073.7515274027935,-1078.3995274027943,0.0,False,0
2025-08-25T13:30:00+00:00,SPX,2025-08-25,6450.95,RANGE,IDLE,0.0,-1078.3995274027943,0.0,-1073.7515274027935,0.0,-1073.7515274027935,-1078.3995274027943,0.0,False,0
2025-08-25T14:00:00+00:00,SPX,2025-08-25,6457.54,RANGE,ACTIVE,-82.66800000000012,-1078.3995274027943,-82.668,-1073.7515274027935,-82.5,-1156.2515274027935,-1161.0675274027944,82.668,False,3
2025-08-25T14:30:00+00:00,SPX,2025-08-25,6455.52,RANGE,ADJUSTED,15.702425884444438,-1078.3995274027943,-66.96557411555558,-1073.7515274027935,-66.74157411555558,-1140.493101518349,-1145.36510151835,110.224,True,4
2025-08-25T15:00:00+00:00,SPX,2025-08-25,6459.3,RANGE,ADJUSTED,-0.15720340913571818,-1078.3995274027943,-67.12277752469137,-1073.7515274027935,-66.89877752469137,-1140.650304927485,-1145.5223049274857,110.224,True,4
2025-08-25T15:30:00+00:00,SPX,2025-08-25,6461.89,RANGE,ADJUSTED,-0.0764789096297136,-1078.3995274027943,-67.19925643432101,-1073.7515274027935,-66.97525643432101,-1140.7267838371145,-1145.5987838371154,110.224,True,4
2025-08-25T16:00:00+00:00,SPX,2025-08-25,6464.36,RANGE,ADJUSTED,-0.07042627234545762,-1078.3995274027943,-67.26968270666664,-1073.7515274027935,-67.04568270666664,-1140.7972101094601,-1145.669210109461,110.224,True,4
2025-08-25T16:30:00+00:00,SPX,2025-08-25,6463.82,RANGE,ADJUSTED,0.14357283111098695,-1078.3995274027943,-67.12610987555554,-1073.7515274027935,-66.90210987555554,-1140.653637278349,-1145.52563727835,110.224,True,4
2025-08-25T17:00:00+00:00,SPX,2025-08-25,6459.19,RANGE,ADJUSTED,0.44012776975318957,-1078.3995274027943,-66.68598210580244,-1073.7515274027935,-66.46198210580243,-1140.213509508596,-1145.0855095085967,110.224,True,4
2025-08-25T17:30:00+00:00,SPX,2025-08-25,6459.23,RANGE,ADJUSTED,0.1043472724691128,-1078.3995274027943,-66.5816348333333,-1073.7515274027935,-66.3576348333333,-1140.1091622361268,-1144.9811622361276,110.224,True,4
2025-08-25T18:00:00+00:00,SPX,2025-08-25,6457.31,RANGE,ADJUSTED,0.2480755485185,-1078.3995274027943,-66.33355928481485,-1073.7515274027935,-66.10955928481485,-1139.8610866876083,-1144.733086687609,110.224,True,4
2025-08-25T18:30:00+00:00,SPX,2025-08-25,6455.28,RANGE,ADJUSTED,0.25806288580247383,-1078.3995274027943,-66.07549639901232,-1073.7515274027935,-65.85149639901232,-1139.6030238018059,-1144.4750238018066,110.224,True,4
2025-08-25T19:00:00+00:00,SPX,2025-08-25,6452.78,RANGE,ADJUSTED,-0.035023687654302194,-1078.3995274027943,-66.11052008666668,-1073.7515274027935,-65.88652008666668,-1139.6380474894602,-1144.510047489461,110.224,True,4
2025-08-25T19:30:00+00:00,SPX,2025-08-25,6450.34,RANGE,ADJUSTED,-0.07431239580250804,-1078.3995274027943,-66.18483248246913,-1073.7515274027935,-65.96083248246913,-1139.7123598852627,-1144.5843598852634,110.224,True,4
2025-08-25T20:00:00+00:00,SPX,2025-08-25,6439.45,RANGE,ADJUSTED,-0.7129142058024627,-1078.3995274027943,-66.89774668827162,-1073.7515274027935,-66.67374668827162,-1140.4252740910651,-1145.297274091066,110.224,True,4
2025-08-26T13:30:00+00:00,SPX,2025-08-25,6439.4,RANGE,ADJUSTED,3.5564101697530077,-1078.3995274027943,-63.34133651851856,-1073.7515274027935,-63.11733651851855,-1136.8688639213121,-1141.740863921313,110.224,True,4
2025-08-26T14:00:00+00:00,SPX,2025-08-25,6440.63,RANGE,ADJUSTED,0.21584015444454963,-1078.3995274027943,-63.12549636407407,-1073.7515274027935,-62.90149636407406,-1136.6530237668676,-1141.5250237668683,110.224,True,4
2025-08-26T14:30:00+00:00,SPX,2025-08-25,6442.79,RANGE,ADJUSTED,0.30377341296298255,-1078.3995274027943,-62.82172295111111,-1073.7515274027935,-62.59772295111111,-1136.3492503539046,-1141.2212503539054,110.224,True,4
2025-08-26T15:00:00+00:00,SPX,2025-08-25,6441.19,RANGE,ADJUSTED,-0.046638339135824936,-1078.3995274027943,-62.86836129024695,-1073.7515274027935,-62.64436129024695,-1136.3958886930404,-1141.2678886930412,110.224,True,4
2025-08-26T15:30:00+00:00,SPX,2025-08-25,6436.81,RANGE,ADJUSTED,-0.3101758013581275,-1078.3995274027943,-63.17853709160491,-1073.7515274027935,-62.9545370916049,-1136.7060644943983,-1141.5780644943993,110.224,True,4
2025-08-26T16:00:00+00:00,SPX,2025-08-25,6444.38,RANGE,ADJUSTED,0.8175237916050264,-1078.3995274027943,-62.361013299999996,-1073.7515274027935,-62.137013299999985,-1135.8885407027935,-1140.7605407027943,110.224,True,4
2025-08-26T16:30:00+00:00,SPX,2025-08-25,6447.4,RANGE,ADJUSTED,0.39167266790104804,-1078.3995274027943,-61.969340632098806,-1073.7515274027935,-61.745340632098795,-1135.4968680348923,-1140.3688680348932,110.224,True,4
2025-08-26T17:00:00+00:00,SPX,2025-08-25,6447.56,RANGE,ADJUSTED,0.12091673135819292,-1078.3995274027943,-61.84842390074071,-1073.7515274027935,-61.6244239007407,-1135.3759513035343,-1140.247951303535,110.224,True,4
2025-08-26T17:30:00+00:00,SPX,2025-08-25,6445.23,RANGE,ADJUSTED,-0.11841989703702893,-1078.3995274027943,-61.96684379777783,-1073.7515274027935,-61.74284379777782,-1135.4943712005713,-1140.366371200572,110.224,True,4
2025-08-26T18:00:00+00:00,SPX,2025-08-25,6443.56,RANGE,ADJUSTED,-0.056883132098846545,-1078.3995274027943,-62.0237269298765,-1073.7515274027935,-61.7997269298765,-1135.55125433267,-1140.423254332671,110.224,True,4
2025-08-26T18:30:00+00:00,SPX,2025-08-25,6449.77,RANGE,ADJUSTED,0.7070607323457807,-1078.3995274027943,-61.31666619753082,-1073.7515274027935,-61.09266619753082,-1134.8441936003244,-1139.7161936003251,110.224,True,4
2025-08-26T19:00:00+00:00,SPX,2025-08-25,6451.13,RANGE,ADJUSTED,0.23954550753092008,-1078.3995274027943,-61.07712068999999,-1073.7515274027935,-60.85312068999998,-1134.6046480927935,-1139.4766480927942,110.224,True,4
2025-08-26T19:30:00+00:00,SPX,2025-08-25,6459.68,RANGE,ADJUSTED,0.027936369999906674,-1078.3995274027943,-61.04918432000002,-1073.7515274027935,-60.82518432000002,-1134.5767117227936,-1139.4487117227943,110.224,True,4
2025-08-26T20:00:00+00:00,SPX,2025-08-25,6465.7,RANGE,ADJUSTED,-0.48661066395061425,-1078.3995274027943,-61.535794983950595,-1073.7515274027935,-61.31179498395059,-1135.0633223867442,-1139.935322386745,110.224,True,4
2025-08-27T13:30:00+00:00,SPX,2025-08-25,6463.72,RANGE,ADJUSTED,3.872395725678871,-1078.3995274027943,-57.66339925827164,-1073.7515274027935,-57.43939925827163,-1131.190926661065,-1136.062926661066,110.224,True,4
2025-08-27T14:00:00+00:00,SPX,2025-08-25,6467.53,RANGE,ADJUSTED,-0.33727179716038336,-1078.3995274027943,-58.000671055432065,-1073.7515274027935,-57.77667105543206,-1131.5281984582255,-1136.4001984582264,110.224,True,4
2025-08-27T14:30:00+00:00,SPX,2025-08-25,6477.22,RANGE,ADJUSTED,-1.0264855075308787,-1078.3995274027943,-59.027156562963,-1073.7515274027935,-58.80315656296299,-1132.5546839657566,-1137.4266839657573,110.224,True,4
2025-08-27T15:00:00+00:00,SPX,2025-08-25,6476.02,RANGE,ADJUSTED,0.23898687728387813,-1078.3995274027943,-58.788169685679065,-1073.7515274027935,-58.56416968567906,-1132.3156970884725,-1137.1876970884734,110.224,True,4
2025-08-27T15:30:00+00:00,SPX,2025-08-25,6477.2,RANGE,ADJUSTED,-0.039628743950515855,-1078.3995274027943,-58.82779842962961,-1073.7515274027935,-58.603798429629606,-1132.3553258324232,-1137.227325832424,110.224,True,4
2025-08-27T16:00:00+00:00,SPX,2025-08-25,6479.13,RANGE,ADJUSTED,-0.12930590037035472,-1078.3995274027943,-58.95710433000002,-1073.7515274027935,-58.73310433000001,-1132.4846317327936,-1137.3566317327943,110.224,True,4
2025-08-27T16:30:00+00:00,SPX,2025-08-25,6472.43,RANGE,ADJUSTED,0.8917050307406953,-1078.3995274027943,-58.0653992992593,-1073.7515274027935,-57.84139929925929,-1131.5929267020529,-1136.4649267020536,110.224,True,4
2025-08-27T17:00:00+00:00,SPX,2025-08-25,6477.28,RANGE,ADJUSTED,-0.4763804439505748,-1078.3995274027943,-58.541779743209844,-1073.7515274027935,-58.31777974320984,-1132.0693071460034,-1136.9413071460042,110.224,True,4
2025-08-27T17:30:00+00:00,SPX,2025-08-25,6479.11,RANGE,ADJUSTED,-0.12020751382715389,-1078.3995274027943,-58.661987257037,-1073.7515274027935,-58.437987257036994,-1132.1895146598306,-1137.0615146598313,110.224,True,4
2025-08-27T18:00:00+00:00,SPX,2025-08-25,6480.13,RANGE,ADJUSTED,-0.02479832530866588,-1078.3995274027943,-58.68678558234569,-1073.7515274027935,-58.46278558234569,-1132.2143129851393,-1137.08631298514,110.224,True,4
2025-08-27T18:30:00+00:00,SPX,2025-08-25,6485.66,RANGE,ADJUSTED,-0.569108207283989,-1078.3995274027943,-59.25589378962961,-1073.7515274027935,-59.031893789629606,-1132.783421192423,-1137.655421192424,110.224,True,4
2025-08-27T19:00:00+00:00,SPX,2025-08-25,6482.87,RANGE,ADJUSTED,0.4318697574074122,-1078.3995274027943,-58.82402403222221,-1073.7515274027935,-58.60002403222221,-1132.3515514350156,-1137.2235514350166,110.224,True,4
2025-08-27T19:30:00+00:00,SPX,2025-08-25,6481.53,RANGE,ADJUSTED,0.2584903593826766,-1078.3995274027943,-58.56553367283948,-1073.7515274027935,-58.341533672839475,-1132.093061075633,-1136.965061075634,110.224,True,4
2025-08-27T20:00:00+00:00,SPX,2025-08-25,6480.85,RANGE,ADJUSTED,0.1793203092593103,-1078.3995274027943,-58.386213363580296,-1073.7515274027935,-58.16221336358029,-1131.9137407663738,-1136.7857407663746,110.224,True,4
2025-08-28T13:30:00+00:00,SPX,2025-08-25,6491.9,RANGE,ADJUSTED,1.8507420080247812,-1078.3995274027943,-56.5354713555555,-1073.7515274027935,-56.3114713555555,-1130.062998758349,-1134.9349987583498,110.224,True,4
2025-08-28T14:00:00+00:00,SPX,2025-08-25,6471.17,RANGE,ADJUSTED,2.9814387737035304,-1078.3995274027943,-53.55403258185186,-1073.7515274027935,-53.33003258185185,-1127.0815599846453,-1131.9535599846463,110.224,True,4
2025-08-28T14:30:00+00:00,SPX,2025-08-25,6477.48,RANGE,ADJUSTED,-0.781329409259115,-1078.3995274027943,-54.33536199111106,-1073.7515274027935,-54.11136199111105,-1127.8628893939047,-1132.7348893939054,110.224,True,4
2025-08-28T15:00:00+00:00,SPX,2025-08-25,6482.62,RANGE,ADJUSTED,-0.6232079034568869,-1078.3995274027943,-54.95856989456789,-1073.7515274027935,-54.73456989456788,-1128.4860972973613,-1133.3580972973623,110.224,True,4
2025-08-28T15:30:00+00:00,SPX,2025-08-25,6481.99,RANGE,ADJUSTED,0.18462972543215983,-1078.3995274027943,-54.77394016913577,-1073.7515274027935,-54.549940169135766,-1128.3014675719292,-1133.1734675719301,110.224,True,4
2025-08-28T16:00:00+00:00,SPX,2025-08-25,6484.8,RANGE,ADJUSTED,-0.3010288382715771,-1078.3995274027943,-55.07496900740743,-1073.7515274027935,-54.85096900740743,-1128.602496410201,-1133.4744964102017,110.224,True,4
2025-08-28T16:30:00+00:00,SPX,2025-08-25,6491.62,RANGE,ADJUSTED,-0.8725512997530132,-1078.3995274027943,-55.94752030716049,-1073.7515274027935,-55.72352030716048,-1129.475047709954,-1134.3470477099547,110.224,True,4
2025-08-28T17:00:00+00:00,SPX,2025-08-25,6491.0,RANGE,ADJUSTED,0.1797526404936889,-1078.3995274027943,-55.76776766666667,-1073.7515274027935,-55.54376766666666,-1129.29529506946,-1134.167295069461,110.224,True,4
2025-08-28T17:30:00+00:00,SPX,2025-08-25,6495.12,RANGE,ADJUSTED,-0.49658828592578175,-1078.3995274027943,-56.26435595259258,-1073.7515274027935,-56.04035595259258,-1129.791883355386,-1134.6638833553868,110.224,True,4
2025-08-28T18:00:00+00:00,SPX,2025-08-25,6498.04,RANGE,ADJUSTED,-0.32863003012357694,-1078.3995274027943,-56.592985982716044,-1073.7515274027935,-56.36898598271604,-1130.1205133855096,-1134.9925133855104,110.224,True,4
2025-08-28T18:30:00+00:00,SPX,2025-08-25,6501.67,RANGE,ADJUSTED,-0.4335553634568896,-1078.3995274027943,-57.02654134617285,-1073.7515274027935,-56.802541346172845,-1130.5540687489663,-1135.4260687489673,110.224,True,4
2025-08-28T19:00:00+00:00,SPX,2025-08-25,6503.76,RANGE,ADJUSTED,-0.21490262716042707,-1078.3995274027943,-57.24144397333336,-1073.7515274027935,-57.01744397333336,-1130.768971376127,-1135.6409713761277,110.224,True,4
2025-08-28T19:30:00+00:00,SPX,2025-08-25,6501.97,RANGE,ADJUSTED,0.3447282965432805,-1078.3995274027943,-56.896715676790166,-1073.7515274027935,-56.672715676790155,-1130.4242430795837,-1135.2962430795844,110.224,True,4
2025-08-28T20:00:00+00:00,SPX,2025-08-25,6502.31,RANGE,ADJUSTED,0.037097906049211815,-1078.3995274027943,-56.8596177707408,-1073.7515274027935,-56.635617770740794,-1130.3871451735342,-1135.2591451735352,110.224,True,4
2025-08-29T13:30:00+00:00,SPX,2025-08-25,6486.2,RANGE,EXITED,5.578825578148326,-1129.680319595387,0.0,-1124.752319595386,0.0,-1124.752319595386,-1129.680319595387,0.0,False,0
2025-08-29T14:00:00+00:00,SPX,2025-08-25,6459.15,RANGE,EXITED,0.0,-1129.680319595387,0.0,-1124.752319595386,0.0,-1124.752319595386,-1129.680319595387,0.0,False,0
2025-08-29T14:30:00+00:00,SPX,2025-08-25,6460.58,RANGE,EXITED,0.0,-1129.680319595387,0.0,-1124.752319595386,0.0,-1124.752319595386,-1129.680319595387,0.0,False,0
2025-08-29T15:00:00+00:00,SPX,2025-08-25,6453.58,RANGE,EXITED,0.0,-1129.680319595387,0.0,-1124.752319595386,0.0,-1124.752319595386,-1129.680319595387,0.0,False,0
2025-08-29T15:30:00+00:00,SPX,2025-08-25,6453.32,RANGE,EXITED,0.0,-1129.680319595387,0.0,-1124.752319595386,0.0,-1124.752319595386,-1129.680319595387,0.0,False,0
2025-08-29T16:00:00+00:00,SPX,2025-08-25,6456.61,RANGE,EXITED,0.0,-1129.680319595387,0.0,-1124.752319595386,0.0,-1124.752319595386,-1129.680319595387,0.0,False,0
2025-08-29T16:30:00+00:00,SPX,2025-08-25,6459.92,RANGE,EXITED,0.0,-1129.680319595387,0.0,-1124.752319595386,0.0,-1124.752319595386,-1129.680319595387,0.0,False,0
2025-08-29T17:00:00+00:00,SPX,2025-08-25,6451.91,RANGE,EXITED,0.0,-1129.680319595387,0.0,-1124.752319595386,0.0,-1124.752319595386,-1129.680319595387,0.0,False,0
2025-08-29T17:30:00+00:00,SPX,2025-08-25,6452.41,RANGE,EXITED,0.0,-1129.680319595387,0.0,-1124.752319595386,0.0,-1124.752319595386,-1129.680319595387,0.0,False,0
2025-08-29T18:00:00+00:00,SPX,2025-08-25,6455.81,RANGE,EXITED,0.0,-1129.680319595387,0.0,-1124.752319595386,0.0,-1124.752319595386,-1129.680319595387,0.0,False,0
2025-08-29T18:30:00+00:00,SPX,2025-08-25,6459.21,RANGE,EXITED,0.0,-1129.680319595387,0.0,-1124.752319595386,0.0,-1124.752319595386,-1129.680319595387,0.0,False,0
2025-08-29T19:00:00+00:00,SPX,2025-08-25,6458.43,RANGE,EXITED,0.0,-1129.680319595387,0.0,-1124.752319595386,0.0,-1124.752319595386,-1129.680319595387,0.0,False,0
2025-08-29T19:30:00+00:00,SPX,2025-08-25,6457.44,RANGE,EXITED,0.0,-1129.680319595387,0.0,-1124.752319595386,0.0,-1124.752319595386,-1129.680319595387,0.0,False,0
2025-08-29T20:00:00+00:00,SPX,2025-08-25,6461.82,RANGE,EXITED,0.0,-1129.680319595387,0.0,-1124.752319595386,0.0,-1124.752319595386,-1129.680319595387,0.0,False,0
2025-09-02T13:30:00+00:00,SPX,2025-09-01,6373.99,TREND_DOWN,IDLE,0.0,-1129.680319595387,0.0,-1124.752319595386,0.0,-1124.752319595386,-1129.680319595387,0.0,False,0
2025-09-02T14:00:00+00:00,SPX,2025-09-01,6404.18,RANGE,ACTIVE,-82.66799999999989,-1129.680319595387,-82.668,-1124.752319595386,-82.5,-1207.252319595386,-1212.3483195953868,82.668,False,3
2025-09-02T14:30:00+00:00,SPX,2025-09-01,6406.17,RANGE,ADJUSTED,15.656958239999767,-1129.680319595387,-67.01104176000001,-1124.752319595386,-66.78704176000001,-1191.539361355386,-1196.691361355387,110.224,True,4
2025-09-02T15:00:00+00:00,SPX,2025-09-01,6384.52,RANGE,ADJUSTED,-1.2513900449380344,-1129.680319595387,-68.26243180493825,-1124.752319595386,-68.03843180493824,-1192.7907514003243,-1197.942751400325,110.224,True,4
2025-09-02T15:30:00+00:00,SPX,2025-09-01,6374.2,RANGE,ADJUSTED,-0.6325637456791355,-1129.680319595387,-68.8949955506173,-1124.752319595386,-68.67099555061729,-1193.4233151460035,-1198.5753151460042,110.224,True,4
2025-09-02T16:00:00+00:00,SPX,2025-09-01,6362.24,RANGE,ADJUSTED,-0.7596982745678815,-1129.680319595387,-69.6546938251852,-1124.752319595386,-69.4306938251852,-1194.1830134205713,-1199.335013420572,110.224,True,4
2025-09-02T16:30:00+00:00,SPX,2025-09-01,6368.54,RANGE,ADJUSTED,0.5414535812344639,-1129.680319595387,-69.11324024395063,-1124.752319595386,-68.88924024395061,-1193.6415598393367,-1198.7935598393376,110.224,True,4
2025-09-02T17:00:00+00:00,SPX,2025-09-01,6381.96,RANGE,ADJUSTED,1.0629130572840495,-1129.680319595387,-68.05032718666666,-1124.752319595386,-67.82632718666666,-1192.5786467820528,-1197.7306467820536,110.224,True,4
2025-09-02T17:30:00+00:00,SPX,2025-09-01,6394.81,RANGE,ADJUSTED,1.0344180570371009,-1129.680319595387,-67.0159091296296,-1124.752319595386,-66.7919091296296,-1191.5442287250157,-1196.6962287250165,110.224,True,4
2025-09-02T18:00:00+00:00,SPX,2025-09-01,6396.0,RANGE,ADJUSTED,0.19163446296283837,-1129.680319595387,-66.82427466666667,-1124.752319595386,-66.60027466666666,-1191.3525942620527,-1196.5045942620536,110.224,True,4
2025-09-02T18:30:00+00:00,SPX,2025-09-01,6389.19,RANGE,ADJUSTED,-0.3979001807406348,-1129.680319595387,-67.22217484740744,-1124.752319595386,-66.99817484740743,-1191.7504944427935,-1196.9024944427943,110.224,True,4
2025-09-02T19:00:00+00:00,SPX,2025-09-01,6396.14,RANGE,ADJUSTED,0.6181559429628578,-1129.680319595387,-66.60401890444442,-1124.752319595386,-66.38001890444441,-1191.1323384998304,-1196.2843384998314,110.224,True,4
2025-09-02T19:30:00+00:00,SPX,2025-09-01,6403.16,RANGE,ADJUSTED,0.6301446338272854,-1129.680319595387,-65.9738742706173,-1124.752319595386,-65.74987427061728,-1190.5021938660034,-1195.654193866004,110.224,True,4
2025-09-02T20:00:00+00:00,SPX,2025-09-01,6414.95,RANGE,ADJUSTED,-0.5022280225925897,-1129.680319595387,-66.47610229320986,-1124.752319595386,-66.25210229320986,-1191.004421888596,-1196.1564218885967,110.224,True,4
2025-09-03T13:30:00+00:00,SPX,2025-09-01,6441.25,RANGE,ADJUSTED,1.2288651018518522,-1129.680319595387,-65.24723719135802,-1124.752319595386,-65.02323719135802,-1189.7755567867441,-1194.9275567867448,110.224,True,4
2025-09-03T14:00:00+00:00,SPX,2025-09-01,6437.94,RANGE,ADJUSTED,0.398793989135811,-1129.680319595387,-64.84844320222219,-1124.752319595386,-64.62444320222218,-1189.3767627976083,-1194.528762797609,110.224,True,4
2025-09-03T14:30:00+00:00,SPX,2025-09-01,6443.76,RANGE,ADJUSTED,-0.44951761555557823,-1129.680319595387,-65.2979608177778,-1124.752319595386,-65.0739608177778,-1189.8262804131639,-1194.9782804131646,110.224,True,4
2025-09-03T15:00:00+00:00,SPX,2025-09-01,6452.13,RANGE,ADJUSTED,-0.694241382592736,-1129.680319595387,-65.99220220037039,-1124.752319595386,-65.76820220037038,-1190.5205217957564,-1195.6725217957573,110.224,True,4
2025-09-03T15:30:00+00:00,SPX,2025-09-01,6435.1,RANGE,ADJUSTED,1.6912846472839647,-1129.680319595387,-64.30091755308645,-1124.752319595386,-64.07691755308645,-1188.8292371484727,-1193.9812371484734,110.224,True,4
2025-09-03T16:00:00+00:00,SPX,2025-09-01,6433.27,RANGE,ADJUSTED,0.2680210771604834,-1129.680319595387,-64.03289647592597,-1124.752319595386,-63.80889647592596,-1188.5612160713122,-1193.713216071313,110.224,True,4
2025-09-03T16:30:00+00:00,SPX,2025-09-01,6435.09,RANGE,ADJUSTED,-0.07771761148137557,-1129.680319595387,-64.11061408740743,-1124.752319595386,-63.886614087407416,-1188.6389336827935,-1193.7909336827943,110.224,True,4
2025-09-03T17:00:00+00:00,SPX,2025-09-01,6433.19,RANGE,ADJUSTED,0.27650254160494114,-1129.680319595387,-63.83411154580243,-1124.752319595386,-63.610111545802425,-1188.3624311411886,-1193.5144311411893,110.224,True,4
2025-09-03T17:30:00+00:00,SPX,2025-09-01,6431.87,RANGE,ADJUSTED,0.2225631480246193,-1129.680319595387,-63.61154839777777,-1124.752319595386,-63.38754839777776,-1188.1398679931638,-1193.2918679931647,110.224,True,4
2025-09-03T18:00:00+00:00,SPX,2025-09-01,6420.59,RANGE,ADJUSTED,1.186652085802507,-1129.680319595387,-62.42489631197533,-1124.752319595386,-62.20089631197532,-1186.9532159073615,-1192.1052159073622,110.224,True,4
2025-09-03T18:30:00+00:00,SPX,2025-09-01,6421.04,RANGE,ADJUSTED,0.05800525024687886,-1129.680319595387,-62.366891061728396,-1124.752319595386,-62.14289106172839,-1186.8952106571146,-1192.0472106571153,110.224,True,4
2025-09-03T19:00:00+00:00,SPX,2025-09-01,6420.34,RANGE,ADJUSTED,0.16985274098760783,-1129.680319595387,-62.19703832074076,-1124.752319595386,-61.973038320740756,-1186.7253579161268,-1191.8773579161277,110.224,True,4
2025-09-03T19:30:00+00:00,SPX,2025-09-01,6426.96,RANGE,ADJUSTED,-0.5477393859257518,-1129.680319595387,-62.74477770666667,-1124.752319595386,-62.520777706666664,-1187.2730973020527,-1192.4250973020535,110.224,True,4
2025-09-03T20:00:00+00:00,SPX,2025-09-01,6447.81,RANGE,ADJUSTED,-1.9573966662965177,-1129.680319595387,-64.702174372963,-1124.752319595386,-64.478174372963,-1189.230493968349,-1194.38249396835,110.224,True,4
2025-09-04T13:30:00+00:00,SPX,2025-09-01,6460.43,RANGE,ADJUSTED,1.6385305213580068,-1129.680319595387,-63.06364385160498,-1124.752319595386,-62.83964385160497,-1187.591963446991,-1192.743963446992,110.224,True,4
2025-09-04T14:00:00+00:00,SPX,2025-09-01,6451.02,RANGE,ADJUSTED,1.174852843456847,-1129.680319595387,-61.8887910081482,-1124.752319595386,-61.66479100814819,-1186.4171106035342,-1191.5691106035351,110.224,True,4
2025-09-04T14:30:00+00:00,SPX,2025-09-01,6462.86,RANGE,ADJUSTED,-1.2934087548146636,-1129.680319595387,-63.182199762962924,-1124.752319595386,-62.95819976296292,-1187.710519358349,-1192.8625193583498,110.224,True,4
2025-09-04T15:00:00+00:00,SPX,2025-09-01,6467.43,RANGE,ADJUSTED,-0.45381663962962193,-1129.680319595387,-63.63601640259263,-1124.752319595386,-63.41201640259263,-1188.1643359979787,-1193.3163359979794,110.224,True,4
2025-09-04T15:30:00+00:00,SPX,2025-09-01,6472.8,RANGE,ADJUSTED,-0.5523007233334738,-1129.680319595387,-64.18831712592595,-1124.752319595386,-63.964317125925945,-1188.716636721312,-1193.868636721313,110.224,True,4
2025-09-04T16:00:00+00:00,SPX,2025-09-01,6474.15,RANGE,ADJUSTED,-0.08299302407385767,-1129.680319595387,-64.27131014999996,-1124.752319595386,-64.04731014999996,-1188.799629745386,-1193.9516297453868,110.224,True,4
2025-09-04T16:30:00+00:00,SPX,2025-09-01,6470.9,RANGE,ADJUSTED,0.4609185302467722,-1129.680319595387,-63.81039161975305,-1124.752319595386,-63.58639161975304,-1188.338711215139,-1193.49071121514,110.224,True,4
2025-09-04T17:00:00+00:00,SPX,2025-09-01,6476.23,RANGE,ADJUSTED,-0.5570515092592814,-1129.680319595387,-64.3674431290123,-1124.752319595386,-64.1434431290123,-1188.8957627243983,-1194.0477627243993,110.224,True,4
2025-09-04T17:30:00+00:00,SPX,2025-09-01,6477.39,RANGE,ADJUSTED,-0.06392187320989251,-1129.680319595387,-64.43136500222226,-1124.752319595386,-64.20736500222226,-1188.9596845976084,-1194.1116845976092,110.224,True,4
2025-09-04T18:00:00+00:00,SPX,2025-09-01,6484.34,RANGE,ADJUSTED,-0.75975656641981,-1129.680319595387,-65.191121568642,-1124.752319595386,-64.967121568642,-1189.719441164028,-1194.871441164029,110.224,True,4
2025-09-04T18:30:00+00:00,SPX,2025-09-01,6485.59,RANGE,ADJUSTED,-0.07983069111105578,-1129.680319595387,-65.2709522597531,-1124.752319595386,-65.0469522597531,-1189.7992718551393,-1194.95127185514,110.224,True,4
2025-09-04T19:00:00+00:00,SPX,2025-09-01,6488.54,RANGE,ADJUSTED,-0.28666961209864894,-1129.680319595387,-65.55762187185185,-1124.752319595386,-65.33362187185185,-1190.085941467238,-1195.2379414672387,110.224,True,4
2025-09-04T19:30:00+00:00,SPX,2025-09-01,6490.12,RANGE,ADJUSTED,-0.12316096765448492,-1129.680319595387,-65.68078283950616,-1124.752319595386,-65.45678283950616,-1190.2091024348922,-1195.3611024348932,110.224,True,4
2025-09-04T20:00:00+00:00,SPX,2025-09-01,6501.5,RANGE,ADJUSTED,-1.3195817962962337,-1129.680319595387,-67.00036463580247,-1124.752319595386,-66.77636463580247,-1191.5286842311887,-1196.6806842311894,110.224,True,4
2025-09-05T13:30:00+00:00,SPX,2025-09-01,6526.46,RANGE,ADJUSTED,-1.2829356520987858,-1129.680319595387,-68.28330028790124,-1124.752319595386,-68.05930028790124,-1192.8116198832872,-1197.9636198832882,110.224,True,4
2025-09-05T14:00:00+00:00,SPX,2025-09-01,6515.63,RANGE,ADJUSTED,1.560157126543345,-1129.680319595387,-66.72314316135804,-1124.752319595386,-66.49914316135803,-1191.251462756744,-1196.4034627567448,110.224,True,4
2025-09-05T14:30:00+00:00,SPX,2025-09-01,6471.85,RANGE,ADJUSTED,6.180398450246685,-1129.680319595387,-60.54274471111117,-1124.752319595386,-60.31874471111116,-1185.0710643064972,-1190.2230643064981,110.224,True,4
2025-09-05T15:00:00+00:00,SPX,2025-09-01,6452.54,RANGE,ADJUSTED,2.78768151580266,-1129.680319595387,-57.75506319530864,-1124.752319595386,-57.53106319530863,-1182.2833827906948,-1187.4353827906955,110.224,True,4
2025-09-05T15:30:00+00:00,SPX,2025-09-01,6469.24,RANGE,ADJUSTED,-2.2663580540740895,-1129.680319595387,-60.02142124938268,-1124.752319595386,-59.79742124938268,-1184.5497408447688,-1189.7017408447696,110.224,True,4
2025-09-05T16:00:00+00:00,SPX,2025-09-01,6467.8,RANGE,ADJUSTED,0.28164679753081145,-1129.680319595387,-59.739774451851886,-1124.752319595386,-59.515774451851875,-1184.268094047238,-1189.4200940472388,110.224,True,4
2025-09-05T16:30:00+00:00,SPX,2025-09-01,6465.78,RANGE,ADJUSTED,0.3653150355555681,-1129.680319595387,-59.37445941629626,-1124.752319595386,-59.15045941629626,-1183.9027790116825,-1189.0547790116832,110.224,True,4
2025-09-05T17:00:00+00:00,SPX,2025-09-01,6467.61,RANGE,ADJUSTED,-0.18069016777781144,-1129.680319595387,-59.55514958407403,-1124.752319595386,-59.331149584074026,-1184.08346917946,-1189.235469179461,110.224,True,4
2025-09-05T17:30:00+00:00,SPX,2025-09-01,6470.39,RANGE,ADJUSTED,-0.3181423544444897,-1129.680319595387,-59.87329193851856,-1124.752319595386,-59.64929193851856,-1184.4016115339045,-1189.5536115339055,110.224,True,4
2025-09-05T18:00:00+00:00,SPX,2025-09-01,6460.82,RANGE,ADJUSTED,1.4489217002469559,-1129.680319595387,-58.424370238271564,-1124.752319595386,-58.20037023827156,-1182.9526898336576,-1188.1046898336585,110.224,True,4
2025-09-05T18:30:00+00:00,SPX,2025-09-01,6470.33,RANGE,ADJUSTED,-1.2852284649382,-1129.680319595387,-59.70959870320986,-1124.752319595386,-59.48559870320986,-1184.237918298596,-1189.3899182985967,110.224,True,4
2025-09-05T19:00:00+00:00,SPX,2025-09-01,6473.37,RANGE,EXITED,-0.4170257267901434,-1189.8069440253869,0.0,-1184.5989440253861,0.0,-1184.5989440253861,-1189.8069440253869,0.0,False,0
2025-09-05T19:30:00+00:00,SPX,2025-09-01,6477.59,RANGE,EXITED,0.0,-1189.8069440253869,0.0,-1184.5989440253861,0.0,-1184.5989440253861,-1189.8069440253869,0.0,False,0
2025-09-05T20:00:00+00:00,SPX,2025-09-01,6482.16,RANGE,EXITED,0.0,-1189.8069440253869,0.0,-1184.5989440253861,0.0,-1184.5989440253861,-1189.8069440253869,0.0,False,0
2025-09-08T13:30:00+00:00,SPX,2025-09-08,6497.03,RANGE,IDLE,0.0,-1189.8069440253869,0.0,-1184.5989440253861,0.0,-1184.5989440253861,-1189.8069440253869,0.0,False,0
2025-09-08T14:00:00+00:00,SPX,2025-09-08,6494.02,RANGE,ACTIVE,-82.66799999999989,-1189.8069440253869,-82.668,-1184.5989440253861,-82.5,-1267.0989440253861,-1272.4749440253868,82.668,False,3
2025-09-08T14:30:00+00:00,SPX,2025-09-08,6498.37,RANGE,ADJUSTED,15.624781137777745,-1189.8069440253869,-67.04321886222223,-1184.5989440253861,-66.81921886222223,-1251.4181628876083,-1256.850162887609,110.224,True,4
2025-09-08T15:00:00+00:00,SPX,2025-09-08,6505.88,RANGE,ADJUSTED,-0.19084752296316765,-1189.8069440253869,-67.2340663851852,-1184.5989440253861,-67.01006638518518,-1251.6090104105713,-1257.0410104105722,110.224,True,4
2025-09-08T15:30:00+00:00,SPX,2025-09-08,6505.17,RANGE,ADJUSTED,0.15679536617290069,-1189.8069440253869,-67.07727101901236,-1184.5989440253861,-66.85327101901235,-1251.4522150443984,-1256.8842150443993,110.224,True,4
2025-09-08T16:00:00+00:00,SPX,2025-09-08,6501.31,RANGE,ADJUSTED,0.38241883641967434,-1189.8069440253869,-66.69485218259263,-1184.5989440253861,-66.47085218259261,-1251.0697962079787,-1256.5017962079796,110.224,True,4
2025-09-08T16:30:00+00:00,SPX,2025-09-08,6492.81,RANGE,ADJUSTED,-0.31407164012330213,-1189.8069440253869,-67.00892382271603,-1184.5989440253861,-66.78492382271602,-1251.3838678481022,-1256.815867848103,110.224,True,4
2025-09-08T17:00:00+00:00,SPX,2025-09-08,6491.95,RANGE,ADJUSTED,0.043558586296285284,-1189.8069440253869,-66.96536523641977,-1184.5989440253861,-66.74136523641977,-1251.340309261806,-1256.7723092618066,110.224,True,4
2025-09-08T17:30:00+00:00,SPX,2025-09-08,6495.45,RANGE,ADJUSTED,0.36041366234576344,-1189.8069440253869,-66.6049515740741,-1184.5989440253861,-66.38095157407409,-1250.9798955994602,-1256.4118955994609,110.224,True,4
2025-09-08T18:00:00+00:00,SPX,2025-09-08,6484.95,RANGE,ADJUSTED,-0.6630941030864506,-1189.8069440253869,-67.26804567716052,-1184.5989440253861,-67.04404567716051,-1251.6429897025466,-1257.0749897025473,110.224,True,4
2025-09-08T18:30:00+00:00,SPX,2025-09-08,6494.03,RANGE,ADJUSTED,0.7724204712344545,-1189.8069440253869,-66.49562520592595,-1184.5989440253861,-66.27162520592594,-1250.870569231312,-1256.3025692313129,110.224,True,4
2025-09-08T19:00:00+00:00,SPX,2025-09-08,6491.47,RANGE,ADJUSTED,-0.08386740185187591,-1189.8069440253869,-66.57949260777777,-1184.5989440253861,-66.35549260777776,-1250.9544366331638,-1256.3864366331647,110.224,True,4
2025-09-08T19:30:00+00:00,SPX,2025-09-08,6484.95,RANGE,ADJUSTED,-0.3825937119752325,-1189.8069440253869,-66.9620863197531,-1184.5989440253861,-66.7380863197531,-1251.3370303451393,-1256.76903034514,110.224,True,4
2025-09-08T20:00:00+00:00,SPX,2025-09-08,6496.06,TREND_UP,ABORTED,0.8824988148146531,-1255.8865315303253,0.0,-1250.3985315303244,0.0,-1250.3985315303244,-1255.8865315303253,0.0,False,0
2025-09-09T13:30:00+00:00,SPX,2025-09-08,6502.59,TREND_UP,ABORTED,0.0,-1255.8865315303253,0.0,-1250.3985315303244,0.0,-1250.3985315303244,-1255.8865315303253,0.0,False,0
2025-09-09T14:00:00+00:00,SPX,2025-09-08,6497.24,RANGE,ABORTED,0.0,-1255.8865315303253,0.0,-1250.3985315303244,0.0,-1250.3985315303244,-1255.8865315303253,0.0,False,0
2025-09-09T14:30:00+00:00,SPX,2025-09-08,6486.79,RANGE,ABORTED,0.0,-1255.8865315303253,0.0,-1250.3985315303244,0.0,-1250.3985315303244,-1255.8865315303253,0.0,False,0
2025-09-09T15:00:00+00:00,SPX,2025-09-08,6491.77,RANGE,ABORTED,0.0,-1255.8865315303253,0.0,-1250.3985315303244,0.0,-1250.3985315303244,-1255.8865315303253,0.0,False,0
2025-09-09T15:30:00+00:00,SPX,2025-09-08,6496.14,RANGE,ABORTED,0.0,-1255.8865315303253,0.0,-1250.3985315303244,0.0,-1250.3985315303244,-1255.8865315303253,0.0,False,0
2025-09-09T16:00:00+00:00,SPX,2025-09-08,6494.73,RANGE,ABORTED,0.0,-1255.8865315303253,0.0,-1250.3985315303244,0.0,-1250.3985315303244,-1255.8865315303253,0.0,False,0
2025-09-09T16:30:00+00:00,SPX,2025-09-08,6499.72,RANGE,ABORTED,0.0,-1255.8865315303253,0.0,-1250.3985315303244,0.0,-1250.3985315303244,-1255.8865315303253,0.0,False,0
2025-09-09T17:00:00+00:00,SPX,2025-09-08,6504.06,RANGE,ABORTED,0.0,-1255.8865315303253,0.0,-1250.3985315303244,0.0,-1250.3985315303244,-1255.8865315303253,0.0,False,0
2025-09-09T17:30:00+00:00,SPX,2025-09-08,6505.9,RANGE,ABORTED,0.0,-1255.8865315303253,0.0,-1250.3985315303244,0.0,-1250.3985315303244,-1255.8865315303253,0.0,False,0
2025-09-09T18:00:00+00:00,SPX,2025-09-08,6508.85,RANGE,ABORTED,0.0,-1255.8865315303253,0.0,-1250.3985315303244,0.0,-1250.3985315303244,-1255.8865315303253,0.0,False,0
2025-09-09T18:30:00+00:00,SPX,2025-09-08,6507.12,RANGE,ABORTED,0.0,-1255.8865315303253,0.0,-1250.3985315303244,0.0,-1250.3985315303244,-1255.8865315303253,0.0,False,0
2025-09-09T19:00:00+00:00,SPX,2025-09-08,6508.85,RANGE,ABORTED,0.0,-1255.8865315303253,0.0,-1250.3985315303244,0.0,-1250.3985315303244,-1255.8865315303253,0.0,False,0
2025-09-09T19:30:00+00:00,SPX,2025-09-08,6510.87,RANGE,ABORTED,0.0,-1255.8865315303253,0.0,-1250.3985315303244,0.0,-1250.3985315303244,-1255.8865315303253,0.0,False,0
2025-09-09T20:00:00+00:00,SPX,2025-09-08,6512.4,RANGE,ABORTED,0.0,-1255.8865315303253,0.0,-1250.3985315303244,0.0,-1250.3985315303244,-1255.8865315303253,0.0,False,0
2025-09-10T13:30:00+00:00,SPX,2025-09-08,6543.96,RANGE,ABORTED,0.0,-1255.8865315303253,0.0,-1250.3985315303244,0.0,-1250.3985315303244,-1255.8865315303253,0.0,False,0
2025-09-10T14:00:00+00:00,SPX,2025-09-08,6551.62,RANGE,ABORTED,0.0,-1255.8865315303253,0.0,-1250.3985315303244,0.0,-1250.3985315303244,-1255.8865315303253,0.0,False,0
2025-09-10T14:30:00+00:00,SPX,2025-09-08,6546.95,RANGE,ABORTED,0.0,-1255.8865315303253,0.0,-1250.3985315303244,0.0,-1250.3985315303244,-1255.8865315303253,0.0,False,0
2025-09-10T15:00:00+00:00,SPX,2025-09-08,6543.33,RANGE,ABORTED,0.0,-1255.8865315303253,0.0,-1250.3985315303244,0.0,-1250.3985315303244,-1255.8865315303253,0.0,False,0
2025-09-10T15:30:00+00:00,SPX,2025-09-08,6535.17,RANGE,ABORTED,0.0,-1255.8865315303253,0.0,-1250.3985315303244,0.0,-1250.3985315303244,-1255.8865315303253,0.0,False,0
2025-09-10T16:00:00+00:00,SPX,2025-09-08,6541.41,RANGE,ABORTED,0.0,-1255.8865315303253,0.0,-1250.3985315303244,0.0,-1250.3985315303244,-1255.8865315303253,0.0,False,0
2025-09-10T16:30:00+00:00,SPX,2025-09-08,6537.53,RANGE,ABORTED,0.0,-1255.8865315303253,0.0,-1250.3985315303244,0.0,-1250.3985315303244,-1255.8865315303253,0.0,False,0
2025-09-10T17:00:00+00:00,SPX,2025-09-08,6543.43,RANGE,ABORTED,0.0,-1255.8865315303253,0.0,-1250.3985315303244,0.0,-1250.3985315303244,-1255.8865315303253,0.0,False,0
2025-09-10T17:30:00+00:00,SPX,2025-09-08,6535.53,RANGE,ABORTED,0.0,-1255.8865315303253,0.0,-1250.3985315303244,0.0,-1250.3985315303244,-1255.8865315303253,0.0,False,0
2025-09-10T18:00:00+00:00,SPX,2025-09-08,6533.17,RANGE,ABORTED,0.0,-1255.8865315303253,0.0,-1250.3985315303244,0.0,-1250.3985315303244,-1255.8865315303253,0.0,False,0
2025-09-10T18:30:00+00:00,SPX,2025-09-08,6530.67,RANGE,ABORTED,0.0,-1255.8865315303253,0.0,-1250.3985315303244,0.0,-1250.3985315303244,-1255.8865315303253,0.0,False,0
2025-09-10T19:00:00+00:00,SPX,2025-09-08,6525.59,RANGE,ABORTED,0.0,-1255.8865315303253,0.0,-1250.3985315303244,0.0,-1250.3985315303244,-1255.8865315303253,0.0,False,0
2025-09-10T19:30:00+00:00,SPX,2025-09-08,6522.61,RANGE,ABORTED,0.0,-1255.8865315303253,0.0,-1250.3985315303244,0.0,-1250.3985315303244,-1255.8865315303253,0.0,False,0
2025-09-10T20:00:00+00:00,SPX,2025-09-08,6531.9,RANGE,ABORTED,0.0,-1255.8865315303253,0.0,-1250.3985315303244,0.0,-1250.3985315303244,-1255.8865315303253,0.0,False,0
2025-09-11T13:30:00+00:00,SPX,2025-09-08,6555.4,RANGE,ABORTED,0.0,-1255.8865315303253,0.0,-1250.3985315303244,0.0,-1250.3985315303244,-1255.8865315303253,0.0,False,0
2025-09-11T14:00:00+00:00,SPX,2025-09-08,6567.26,RANGE,ABORTED,0.0,-1255.8865315303253,0.0,-1250.3985315303244,0.0,-1250.3985315303244,-1255.8865315303253,0.0,False,0
2025-09-11T14:30:00+00:00,SPX,2025-09-08,6575.79,RANGE,ABORTED,0.0,-1255.8865315303253,0.0,-1250.3985315303244,0.0,-1250.3985315303244,-1255.8865315303253,0.0,False,0
2025-09-11T15:00:00+00:00,SPX,2025-09-08,6577.64,RANGE,ABORTED,0.0,-1255.8865315303253,0.0,-1250.3985315303244,0.0,-1250.3985315303244,-1255.8865315303253,0.0,False,0
2025-09-11T15:30:00+00:00,SPX,2025-09-08,6585.68,RANGE,ABORTED,0.0,-1255.8865315303253,0.0,-1250.3985315303244,0.0,-1250.3985315303244,-1255.8865315303253,0.0,False,0
2025-09-11T16:00:00+00:00,SPX,2025-09-08,6585.5,RANGE,ABORTED,0.0,-1255.8865315303253,0.0,-1250.3985315303244,0.0,-1250.3985315303244,-1255.8865315303253,0.0,False,0
2025-09-11T16:30:00+00:00,SPX,2025-09-08,6582.83,RANGE,ABORTED,0.0,-1255.8865315303253,0.0,-1250.3985315303244,0.0,-1250.3985315303244,-1255.8865315303253,0.0,False,0
2025-09-11T17:00:00+00:00,SPX,2025-09-08,6580.57,RANGE,ABORTED,0.0,-1255.8865315303253,0.0,-1250.3985315303244,0.0,-1250.3985315303244,-1255.8865315303253,0.0,False,0
2025-09-11T17:30:00+00:00,SPX,2025-09-08,6583.72,RANGE,ABORTED,0.0,-1255.8865315303253,0.0,-1250.3985315303244,0.0,-1250.3985315303244,-1255.8865315303253,0.0,False,0
2025-09-11T18:00:00+00:00,SPX,2025-09-08,6585.12,RANGE,ABORTED,0.0,-1255.8865315303253,0.0,-1250.3985315303244,0.0,-1250.3985315303244,-1255.8865315303253,0.0,False,0
2025-09-11T18:30:00+00:00,SPX,2025-09-08,6581.84,RANGE,ABORTED,0.0,-1255.8865315303253,0.0,-1250.3985315303244,0.0,-1250.3985315303244,-1255.8865315303253,0.0,False,0
2025-09-11T19:00:00+00:00,SPX,2025-09-08,6586.04,TREND_UP,ABORTED,0.0,-1255.8865315303253,0.0,-1250.3985315303244,0.0,-1250.3985315303244,-1255.8865315303253,0.0,False,0
2025-09-11T19:30:00+00:00,SPX,2025-09-08,6590.52,RANGE,ABORTED,0.0,-1255.8865315303253,0.0,-1250.3985315303244,0.0,-1250.3985315303244,-1255.8865315303253,0.0,False,0
2025-09-11T20:00:00+00:00,SPX,2025-09-08,6586.7,RANGE,ABORTED,0.0,-1255.8865315303253,0.0,-1250.3985315303244,0.0,-1250.3985315303244,-1255.8865315303253,0.0,False,0
2025-09-12T13:30:00+00:00,SPX,2025-09-08,6586.25,RANGE,ABORTED,0.0,-1255.8865315303253,0.0,-1250.3985315303244,0.0,-1250.3985315303244,-1255.8865315303253,0.0,False,0
2025-09-12T14:00:00+00:00,SPX,2025-09-08,6587.99,RANGE,ABORTED,0.0,-1255.8865315303253,0.0,-1250.3985315303244,0.0,-1250.3985315303244,-1255.8865315303253,0.0,False,0
2025-09-12T14:30:00+00:00,SPX,2025-09-08,6589.34,RANGE,ABORTED,0.0,-1255.8865315303253,0.0,-1250.3985315303244,0.0,-1250.3985315303244,-1255.8865315303253,0.0,False,0
2025-09-12T15:00:00+00:00,SPX,2025-09-08,6590.03,RANGE,ABORTED,0.0,-1255.8865315303253,0.0,-1250.3985315303244,0.0,-1250.3985315303244,-1255.8865315303253,0.0,False,0
2025-09-12T15:30:00+00:00,SPX,2025-09-08,6587.61,RANGE,ABORTED,0.0,-1255.8865315303253,0.0,-1250.3985315303244,0.0,-1250.3985315303244,-1255.8865315303253,0.0,False,0
2025-09-12T16:00:00+00:00,SPX,2025-09-08,6585.11,RANGE,ABORTED,0.0,-1255.8865315303253,0.0,-1250.3985315303244,0.0,-1250.3985315303244,-1255.8865315303253,0.0,False,0
2025-09-12T16:30:00+00:00,SPX,2025-09-08,6590.29,RANGE,ABORTED,0.0,-1255.8865315303253,0.0,-1250.3985315303244,0.0,-1250.3985315303244,-1255.8865315303253,0.0,False,0
2025-09-12T17:00:00+00:00,SPX,2025-09-08,6587.92,RANGE,ABORTED,0.0,-1255.8865315303253,0.0,-1250.3985315303244,0.0,-1250.3985315303244,-1255.8865315303253,0.0,False,0
2025-09-12T17:30:00+00:00,SPX,2025-09-08,6589.79,RANGE,ABORTED,0.0,-1255.8865315303253,0.0,-1250.3985315303244,0.0,-1250.3985315303244,-1255.8865315303253,0.0,False,0
2025-09-12T18:00:00+00:00,SPX,2025-09-08,6592.32,RANGE,ABORTED,0.0,-1255.8865315303253,0.0,-1250.3985315303244,0.0,-1250.3985315303244,-1255.8865315303253,0.0,False,0
2025-09-12T18:30:00+00:00,SPX,2025-09-08,6596.94,RANGE,ABORTED,0.0,-1255.8865315303253,0.0,-1250.3985315303244,0.0,-1250.3985315303244,-1255.8865315303253,0.0,False,0
2025-09-12T19:00:00+00:00,SPX,2025-09-08,6598.64,RANGE,ABORTED,0.0,-1255.8865315303253,0.0,-1250.3985315303244,0.0,-1250.3985315303244,-1255.8865315303253,0.0,False,0
2025-09-12T19:30:00+00:00,SPX,2025-09-08,6587.36,RANGE,ABORTED,0.0,-1255.8865315303253,0.0,-1250.3985315303244,0.0,-1250.3985315303244,-1255.8865315303253,0.0,False,0
2025-09-12T20:00:00+00:00,SPX,2025-09-08,6583.97,RANGE,ABORTED,0.0,-1255.8865315303253,0.0,-1250.3985315303244,0.0,-1250.3985315303244,-1255.8865315303253,0.0,False,0
2025-09-15T13:30:00+00:00,SPX,2025-09-15,6607.52,RANGE,IDLE,0.0,-1255.8865315303253,0.0,-1250.3985315303244,0.0,-1250.3985315303244,-1255.8865315303253,0.0,False,0
2025-09-15T14:00:00+00:00,SPX,2025-09-15,6611.08,RANGE,ACTIVE,-82.66799999999989,-1255.8865315303253,-82.668,-1250.3985315303244,-82.5,-1332.8985315303244,-1338.5545315303252,82.668,False,3
2025-09-15T14:30:00+00:00,SPX,2025-09-15,6613.99,RANGE,ADJUSTED,15.66815027555549,-1255.8865315303253,-66.99984972444446,-1250.3985315303244,-66.77584972444446,-1317.1743812547688,-1322.8863812547697,110.224,True,4
2025-09-15T15:00:00+00:00,SPX,2025-09-15,6618.36,TREND_UP,ABORTED,-0.11271797185190735,-1322.9990992266216,0.0,-1317.2310992266207,0.0,-1317.2310992266207,-1322.9990992266216,0.0,False,0
2025-09-15T15:30:00+00:00,SPX,2025-09-15,6612.05,RANGE,ABORTED,0.0,-1322.9990992266216,0.0,-1317.2310992266207,0.0,-1317.2310992266207,-1322.9990992266216,0.0,False,0
2025-09-15T16:00:00+00:00,SPX,2025-09-15,6613.7,RANGE,ABORTED,0.0,-1322.9990992266216,0.0,-1317.2310992266207,0.0,-1317.2310992266207,-1322.9990992266216,0.0,False,0
2025-09-15T16:30:00+00:00,SPX,2025-09-15,6616.3,TREND_UP,ABORTED,0.0,-1322.9990992266216,0.0,-1317.2310992266207,0.0,-1317.2310992266207,-1322.9990992266216,0.0,False,0
2025-09-15T17:00:00+00:00,SPX,2025-09-15,6609.96,RANGE,ABORTED,0.0,-1322.9990992266216,0.0,-1317.2310992266207,0.0,-1317.2310992266207,-1322.9990992266216,0.0,False,0
2025-09-15T17:30:00+00:00,SPX,2025-09-15,6608.5,RANGE,ABORTED,0.0,-1322.9990992266216,0.0,-1317.2310992266207,0.0,-1317.2310992266207,-1322.9990992266216,0.0,False,0
2025-09-15T18:00:00+00:00,SPX,2025-09-15,6613.04,RANGE,ABORTED,0.0,-1322.9990992266216,0.0,-1317.2310992266207,0.0,-1317.2310992266207,-1322.9990992266216,0.0,False,0
2025-09-15T18:30:00+00:00,SPX,2025-09-15,6608.28,RANGE,ABORTED,0.0,-1322.9990992266216,0.0,-1317.2310992266207,0.0,-1317.2310992266207,-1322.9990992266216,0.0,False,0
2025-09-15T19:00:00+00:00,SPX,2025-09-15,6606.77,RANGE,ABORTED,0.0,-1322.9990992266216,0.0,-1317.2310992266207,0.0,-1317.2310992266207,-1322.9990992266216,0.0,False,0
2025-09-15T19:30:00+00:00,SPX,2025-09-15,6608.69,RANGE,ABORTED,0.0,-1322.9990992266216,0.0,-1317.2310992266207,0.0,-1317.2310992266207,-1322.9990992266216,0.0,False,0
2025-09-15T20:00:00+00:00,SPX,2025-09-15,6615.97,RANGE,ABORTED,0.0,-1322.9990992266216,0.0,-1317.2310992266207,0.0,-1317.2310992266207,-1322.9990992266216,0.0,False,0
2025-09-16T13:30:00+00:00,SPX,2025-09-15,6621.99,RANGE,ABORTED,0.0,-1322.9990992266216,0.0,-1317.2310992266207,0.0,-1317.2310992266207,-1322.9990992266216,0.0,False,0
2025-09-16T14:00:00+00:00,SPX,2025-09-15,6608.39,RANGE,ABORTED,0.0,-1322.9990992266216,0.0,-1317.2310992266207,0.0,-1317.2310992266207,-1322.9990992266216,0.0,False,0
2025-09-16T14:30:00+00:00,SPX,2025-09-15,6607.39,RANGE,ABORTED,0.0,-1322.9990992266216,0.0,-1317.2310992266207,0.0,-1317.2310992266207,-1322.9990992266216,0.0,False,0
2025-09-16T15:00:00+00:00,SPX,2025-09-15,6603.55,RANGE,ABORTED,0.0,-1322.9990992266216,0.0,-1317.2310992266207,0.0,-1317.2310992266207,-1322.9990992266216,0.0,False,0
2025-09-16T15:30:00+00:00,SPX,2025-09-15,6603.11,RANGE,ABORTED,0.0,-1322.9990992266216,0.0,-1317.2310992266207,0.0,-1317.2310992266207,-1322.9990992266216,0.0,False,0
2025-09-16T16:00:00+00:00,SPX,2025-09-15,6603.86,RANGE,ABORTED,0.0,-1322.9990992266216,0.0,-1317.2310992266207,0.0,-1317.2310992266207,-1322.9990992266216,0.0,False,0
2025-09-16T16:30:00+00:00,SPX,2025-09-15,6606.51,RANGE,ABORTED,0.0,-1322.9990992266216,0.0,-1317.2310992266207,0.0,-1317.2310992266207,-1322.9990992266216,0.0,False,0
2025-09-16T17:00:00+00:00,SPX,2025-09-15,6610.07,RANGE,ABORTED,0.0,-1322.9990992266216,0.0,-1317.2310992266207,0.0,-1317.2310992266207,-1322.9990992266216,0.0,False,0
2025-09-16T17:30:00+00:00,SPX,2025-09-15,6611.23,RANGE,ABORTED,0.0,-1322.9990992266216,0.0,-1317.2310992266207,0.0,-1317.2310992266207,-1322.9990992266216,0.0,False,0
2025-09-16T18:00:00+00:00,SPX,2025-09-15,6609.92,RANGE,ABORTED,0.0,-1322.9990992266216,0.0,-1317.2310992266207,0.0,-1317.2310992266207,-1322.9990992266216,0.0,False,0
2025-09-16T18:30:00+00:00,SPX,2025-09-15,6610.69,RANGE,ABORTED,0.0,-1322.9990992266216,0.0,-1317.2310992266207,0.0,-1317.2310992266207,-1322.9990992266216,0.0,False,0
2025-09-16T19:00:00+00:00,SPX,2025-09-15,6614.12,RANGE,ABORTED,0.0,-1322.9990992266216,0.0,-1317.2310992266207,0.0,-1317.2310992266207,-1322.9990992266216,0.0,False,0
2025-09-16T19:30:00+00:00,SPX,2025-09-15,6607.64,RANGE,ABORTED,0.0,-1322.9990992266216,0.0,-1317.2310992266207,0.0,-1317.2310992266207,-1322.9990992266216,0.0,False,0
2025-09-16T20:00:00+00:00,SPX,2025-09-15,6606.64,RANGE,ABORTED,0.0,-1322.9990992266216,0.0,-1317.2310992266207,0.0,-1317.2310992266207,-1322.9990992266216,0.0,False,0
2025-09-17T13:30:00+00:00,SPX,2025-09-15,6608.3,RANGE,ABORTED,0.0,-1322.9990992266216,0.0,-1317.2310992266207,0.0,-1317.2310992266207,-1322.9990992266216,0.0,False,0
2025-09-17T14:00:00+00:00,SPX,2025-09-15,6603.15,RANGE,ABORTED,0.0,-1322.9990992266216,0.0,-1317.2310992266207,0.0,-1317.2310992266207,-1322.9990992266216,0.0,False,0
2025-09-17T14:30:00+00:00,SPX,2025-09-15,6599.58,RANGE,ABORTED,0.0,-1322.9990992266216,0.0,-1317.2310992266207,0.0,-1317.2310992266207,-1322.9990992266216,0.0,False,0
2025-09-17T15:00:00+00:00,SPX,2025-09-15,6599.24,RANGE,ABORTED,0.0,-1322.9990992266216,0.0,-1317.2310992266207,0.0,-1317.2310992266207,-1322.9990992266216,0.0,False,0
2025-09-17T15:30:00+00:00,SPX,2025-09-15,6599.0,RANGE,ABORTED,0.0,-1322.9990992266216,0.0,-1317.2310992266207,0.0,-1317.2310992266207,-1322.9990992266216,0.0,False,0
2025-09-17T16:00:00+00:00,SPX,2025-09-15,6598.62,RANGE,ABORTED,0.0,-1322.9990992266216,0.0,-1317.2310992266207,0.0,-1317.2310992266207,-1322.9990992266216,0.0,False,0
2025-09-17T16:30:00+00:00,SPX,2025-09-15,6594.05,RANGE,ABORTED,0.0,-1322.9990992266216,0.0,-1317.2310992266207,0.0,-1317.2310992266207,-1322.9990992266216,0.0,False,0
2025-09-17T17:00:00+00:00,SPX,2025-09-15,6593.52,RANGE,ABORTED,0.0,-1322.9990992266216,0.0,-1317.2310992266207,0.0,-1317.2310992266207,-1322.9990992266216,0.0,False,0
2025-09-17T17:30:00+00:00,SPX,2025-09-15,6596.01,RANGE,ABORTED,0.0,-1322.9990992266216,0.0,-1317.2310992266207,0.0,-1317.2310992266207,-1322.9990992266216,0.0,False,0
2025-09-17T18:00:00+00:00,SPX,2025-09-15,6623.18,RANGE,ABORTED,0.0,-1322.9990992266216,0.0,-1317.2310992266207,0.0,-1317.2310992266207,-1322.9990992266216,0.0,False,0
2025-09-17T18:30:00+00:00,SPX,2025-09-15,6591.34,RANGE,ABORTED,0.0,-1322.9990992266216,0.0,-1317.2310992266207,0.0,-1317.2310992266207,-1322.9990992266216,0.0,False,0
2025-09-17T19:00:00+00:00,SPX,2025-09-15,6595.77,RANGE,ABORTED,0.0,-1322.9990992266216,0.0,-1317.2310992266207,0.0,-1317.2310992266207,-1322.9990992266216,0.0,False,0
2025-09-17T19:30:00+00:00,SPX,2025-09-15,6601.97,RANGE,ABORTED,0.0,-1322.9990992266216,0.0,-1317.2310992266207,0.0,-1317.2310992266207,-1322.9990992266216,0.0,False,0
2025-09-17T20:00:00+00:00,SPX,2025-09-15,6600.89,RANGE,ABORTED,0.0,-1322.9990992266216,0.0,-1317.2310992266207,0.0,-1317.2310992266207,-1322.9990992266216,0.0,False,0
2025-09-18T13:30:00+00:00,SPX,2025-09-15,6629.32,RANGE,ABORTED,0.0,-1322.9990992266216,0.0,-1317.2310992266207,0.0,-1317.2310992266207,-1322.9990992266216,0.0,False,0
2025-09-18T14:00:00+00:00,SPX,2025-09-15,6636.03,RANGE,ABORTED,0.0,-1322.9990992266216,0.0,-1317.2310992266207,0.0,-1317.2310992266207,-1322.9990992266216,0.0,False,0
2025-09-18T14:30:00+00:00,SPX,2025-09-15,6652.48,RANGE,ABORTED,0.0,-1322.9990992266216,0.0,-1317.2310992266207,0.0,-1317.2310992266207,-1322.9990992266216,0.0,False,0
2025-09-18T15:00:00+00:00,SPX,2025-09-15,6637.77,RANGE,ABORTED,0.0,-1322.9990992266216,0.0,-1317.2310992266207,0.0,-1317.2310992266207,-1322.9990992266216,0.0,False,0
2025-09-18T15:30:00+00:00,SPX,2025-09-15,6645.04,RANGE,ABORTED,0.0,-1322.9990992266216,0.0,-1317.2310992266207,0.0,-1317.2310992266207,-1322.9990992266216,0.0,False,0
2025-09-18T16:00:00+00:00,SPX,2025-09-15,6637.53,RANGE,ABORTED,0.0,-1322.9990992266216,0.0,-1317.2310992266207,0.0,-1317.2310992266207,-1322.9990992266216,0.0,False,0
2025-09-18T16:30:00+00:00,SPX,2025-09-15,6646.24,RANGE,ABORTED,0.0,-1322.9990992266216,0.0,-1317.2310992266207,0.0,-1317.2310992266207,-1322.9990992266216,0.0,False,0
2025-09-18T17:00:00+00:00,SPX,2025-09-15,6646.92,RANGE,ABORTED,0.0,-1322.9990992266216,0.0,-1317.2310992266207,0.0,-1317.2310992266207,-1322.9990992266216,0.0,False,0
2025-09-18T17:30:00+00:00,SPX,2025-09-15,6639.17,RANGE,ABORTED,0.0,-1322.9990992266216,0.0,-1317.2310992266207,0.0,-1317.2310992266207,-1322.9990992266216,0.0,False,0
2025-09-18T18:00:00+00:00,SPX,2025-09-15,6639.0,RANGE,ABORTED,0.0,-1322.9990992266216,0.0,-1317.2310992266207,0.0,-1317.2310992266207,-1322.9990992266216,0.0,False,0
2025-09-18T18:30:00+00:00,SPX,2025-09-15,6638.62,RANGE,ABORTED,0.0,-1322.9990992266216,0.0,-1317.2310992266207,0.0,-1317.2310992266207,-1322.9990992266216,0.0,False,0
2025-09-18T19:00:00+00:00,SPX,2025-09-15,6640.7,RANGE,ABORTED,0.0,-1322.9990992266216,0.0,-1317.2310992266207,0.0,-1317.2310992266207,-1322.9990992266216,0.0,False,0
2025-09-18T19:30:00+00:00,SPX,2025-09-15,6633.63,RANGE,ABORTED,0.0,-1322.9990992266216,0.0,-1317.2310992266207,0.0,-1317.2310992266207,-1322.9990992266216,0.0,False,0
2025-09-18T20:00:00+00:00,SPX,2025-09-15,6631.17,RANGE,ABORTED,0.0,-1322.9990992266216,0.0,-1317.2310992266207,0.0,-1317.2310992266207,-1322.9990992266216,0.0,False,0
2025-09-19T13:30:00+00:00,SPX,2025-09-15,6642.39,RANGE,ABORTED,0.0,-1322.9990992266216,0.0,-1317.2310992266207,0.0,-1317.2310992266207,-1322.9990992266216,0.0,False,0
2025-09-19T14:00:00+00:00,SPX,2025-09-15,6648.0,RANGE,ABORTED,0.0,-1322.9990992266216,0.0,-1317.2310992266207,0.0,-1317.2310992266207,-1322.9990992266216,0.0,False,0
2025-09-19T14:30:00+00:00,SPX,2025-09-15,6647.28,RANGE,ABORTED,0.0,-1322.9990992266216,0.0,-1317.2310992266207,0.0,-1317.2310992266207,-1322.9990992266216,0.0,False,0
2025-09-19T15:00:00+00:00,SPX,2025-09-15,6638.56,RANGE,ABORTED,0.0,-1322.9990992266216,0.0,-1317.2310992266207,0.0,-1317.2310992266207,-1322.9990992266216,0.0,False,0
2025-09-19T15:30:00+00:00,SPX,2025-09-15,6632.36,RANGE,ABORTED,0.0,-1322.9990992266216,0.0,-1317.2310992266207,0.0,-1317.2310992266207,-1322.9990992266216,0.0,False,0
2025-09-19T16:00:00+00:00,SPX,2025-09-15,6646.27,RANGE,ABORTED,0.0,-1322.9990992266216,0.0,-1317.2310992266207,0.0,-1317.2310992266207,-1322.9990992266216,0.0,False,0
2025-09-19T16:30:00+00:00,SPX,2025-09-15,6648.87,RANGE,ABORTED,0.0,-1322.9990992266216,0.0,-1317.2310992266207,0.0,-1317.2310992266207,-1322.9990992266216,0.0,False,0
2025-09-19T17:00:00+00:00,SPX,2025-09-15,6652.03,RANGE,ABORTED,0.0,-1322.9990992266216,0.0,-1317.2310992266207,0.0,-1317.2310992266207,-1322.9990992266216,0.0,False,0
2025-09-19T17:30:00+00:00,SPX,2025-09-15,6652.48,RANGE,ABORTED,0.0,-1322.9990992266216,0.0,-1317.2310992266207,0.0,-1317.2310992266207,-1322.9990992266216,0.0,False,0
2025-09-19T18:00:00+00:00,SPX,2025-09-15,6653.5,RANGE,ABORTED,0.0,-1322.9990992266216,0.0,-1317.2310992266207,0.0,-1317.2310992266207,-1322.9990992266216,0.0,False,0
2025-09-19T18:30:00+00:00,SPX,2025-09-15,6653.15,RANGE,ABORTED,0.0,-1322.9990992266216,0.0,-1317.2310992266207,0.0,-1317.2310992266207,-1322.9990992266216,0.0,False,0
2025-09-19T19:00:00+00:00,SPX,2025-09-15,6657.58,RANGE,ABORTED,0.0,-1322.9990992266216,0.0,-1317.2310992266207,0.0,-1317.2310992266207,-1322.9990992266216,0.0,False,0
2025-09-19T19:30:00+00:00,SPX,2025-09-15,6662.6,RANGE,ABORTED,0.0,-1322.9990992266216,0.0,-1317.2310992266207,0.0,-1317.2310992266207,-1322.9990992266216,0.0,False,0
2025-09-19T20:00:00+00:00,SPX,2025-09-15,6662.84,RANGE,ABORTED,0.0,-1322.9990992266216,0.0,-1317.2310992266207,0.0,-1317.2310992266207,-1322.9990992266216,0.0,False,0
2025-09-22T13:30:00+00:00,SPX,2025-09-22,6653.97,RANGE,IDLE,0.0,-1322.9990992266216,0.0,-1317.2310992266207,0.0,-1317.2310992266207,-1322.9990992266216,0.0,False,0
2025-09-22T14:00:00+00:00,SPX,2025-09-22,6661.0,RANGE,ACTIVE,-82.66800000000012,-1322.9990992266216,-82.668,-1317.2310992266207,-82.5,-1399.7310992266207,-1405.6670992266218,82.668,False,3
2025-09-22T14:30:00+00:00,SPX,2025-09-22,6667.41,RANGE,ADJUSTED,15.570219964444505,-1322.9990992266216,-67.09778003555554,-1317.2310992266207,-66.87378003555554,-1384.1048792621762,-1390.0968792621773,110.224,True,4
2025-09-22T15:00:00+00:00,SPX,2025-09-22,6675.67,RANGE,ADJUSTED,-0.47367473049371256,-1322.9990992266216,-67.5714547660494,-1317.2310992266207,-67.3474547660494,-1384.57855399267,-1390.570553992671,110.224,True,4
2025-09-22T15:30:00+00:00,SPX,2025-09-22,6672.88,RANGE,ADJUSTED,0.3019857961728576,-1322.9990992266216,-67.26946896987656,-1317.2310992266207,-67.04546896987655,-1384.2765681964972,-1390.268568196498,110.224,True,4
2025-09-22T16:00:00+00:00,SPX,2025-09-22,6674.65,RANGE,ADJUSTED,-0.020921917160649173,-1322.9990992266216,-67.29039088703702,-1317.2310992266207,-67.06639088703702,-1384.2974901136577,-1390.2894901136588,110.224,True,4
2025-09-22T16:30:00+00:00,SPX,2025-09-22,6687.4,RANGE,ADJUSTED,-0.8120297845678124,-1322.9990992266216,-68.10242067160492,-1317.2310992266207,-67.87842067160491,-1385.1095198982257,-1391.1015198982266,110.224,True,4
2025-09-22T17:00:00+00:00,SPX,2025-09-22,6691.36,RANGE,ADJUSTED,-0.18820495901240974,-1322.9990992266216,-68.29062563061727,-1317.2310992266207,-68.06662563061727,-1385.2977248572379,-1391.289724857239,110.224,True,4
2025-09-22T17:30:00+00:00,SPX,2025-09-22,6690.38,RANGE,ADJUSTED,0.16789996395073103,-1322.9990992266216,-68.12272566666668,-1317.2310992266207,-67.89872566666668,-1385.1298248932874,-1391.1218248932882,110.224,True,4
2025-09-22T18:00:00+00:00,SPX,2025-09-22,6688.94,RANGE,ADJUSTED,0.2025933311110748,-1322.9990992266216,-67.92013233555554,-1317.2310992266207,-67.69613233555552,-1384.9272315621763,-1390.9192315621772,110.224,True,4
2025-09-22T18:30:00+00:00,SPX,2025-09-22,6692.02,RANGE,ADJUSTED,-0.12974794691353964,-1322.9990992266216,-68.04988028246918,-1317.2310992266207,-67.82588028246917,-1385.0569795090898,-1391.0489795090907,110.224,True,4
2025-09-22T19:00:00+00:00,SPX,2025-09-22,6695.25,RANGE,ADJUSTED,-0.14388857864196325,-1322.9990992266216,-68.19376886111111,-1317.2310992266207,-67.9697688611111,-1385.2008680877318,-1391.1928680877327,110.224,True,4
2025-09-22T19:30:00+00:00,SPX,2025-09-22,6696.65,RANGE,ADJUSTED,-0.010128209259391951,-1322.9990992266216,-68.20389707037035,-1317.2310992266207,-67.97989707037034,-1385.210996296991,-1391.202996296992,110.224,True,4
2025-09-22T20:00:00+00:00,SPX,2025-09-22,6693.76,RANGE,ADJUSTED,0.31152137160506754,-1322.9990992266216,-67.89237569876545,-1317.2310992266207,-67.66837569876544,-1384.8994749253861,-1390.891474925387,110.224,True,4
2025-09-23T13:30:00+00:00,SPX,2025-09-22,6695.89,RANGE,ADJUSTED,3.1398420234565947,-1322.9990992266216,-64.75253367530868,-1317.2310992266207,-64.52853367530867,-1381.7596329019293,-1387.7516329019304,110.224,True,4
2025-09-23T14:00:00+00:00,SPX,2025-09-22,6693.05,RANGE,ADJUSTED,0.35779052901239083,-1322.9990992266216,-64.39474314629632,-1317.2310992266207,-64.17074314629632,-1381.401842372917,-1387.393842372918,110.224,True,4
2025-09-23T14:30:00+00:00,SPX,2025-09-22,6688.96,RANGE,ADJUSTED,0.4771333803703328,-1322.9990992266216,-63.91760976592593,-1317.2310992266207,-63.69360976592593,-1380.9247089925466,-1386.9167089925477,110.224,True,4
2025-09-23T15:00:00+00:00,SPX,2025-09-22,6689.07,RANGE,ADJUSTED,0.08734548234588146,-1322.9990992266216,-63.83026428358022,-1317.2310992266207,-63.60626428358022,-1380.837363510201,-1386.8293635102018,110.224,True,4
2025-09-23T15:30:00+00:00,SPX,2025-09-22,6686.3,RANGE,ADJUSTED,0.3586454761727964,-1322.9990992266216,-63.471618807407424,-1317.2310992266207,-63.24761880740742,-1380.4787180340281,-1386.470718034029,110.224,True,4
2025-09-23T16:00:00+00:00,SPX,2025-09-22,6681.59,RANGE,ADJUSTED,0.5451016796296244,-1322.9990992266216,-62.926517127777785,-1317.2310992266207,-62.70251712777778,-1379.9336163543985,-1385.9256163543994,110.224,True,4
2025-09-23T16:30:00+00:00,SPX,2025-09-22,6680.18,RANGE,ADJUSTED,0.23548450851853886,-1322.9990992266216,-62.69103261925929,-1317.2310992266207,-62.467032619259285,-1379.69813184588,-1385.6901318458808,110.224,True,4
2025-09-23T17:00:00+00:00,SPX,2025-09-22,6673.87,RANGE,ADJUSTED,0.7057637386419628,-1322.9990992266216,-61.98526888061727,-1317.2310992266207,-61.761268880617266,-1378.992368107238,-1384.9843681072389,110.224,True,4
2025-09-23T17:30:00+00:00,SPX,2025-09-22,6661.19,RANGE,ADJUSTED,0.5916671539505387,-1322.9990992266216,-61.3936017266667,-1317.2310992266207,-61.1696017266667,-1378.4007009532875,-1384.3927009532883,110.224,True,4
2025-09-23T18:00:00+00:00,SPX,2025-09-22,6654.81,RANGE,ADJUSTED,-0.5092910519751968,-1322.9990992266216,-61.90289277864194,-1317.2310992266207,-61.67889277864194,-1378.9099920052627,-1384.9019920052635,110.224,True,4
2025-09-23T18:30:00+00:00,SPX,2025-09-22,6657.62,RANGE,ADJUSTED,0.3773474453084873,-1322.9990992266216,-61.52554533333334,-1317.2310992266207,-61.30154533333334,-1378.532644559954,-1384.524644559955,110.224,True,4
2025-09-23T19:00:00+00:00,SPX,2025-09-22,6648.55,RANGE,ADJUSTED,-0.7798721129629484,-1322.9990992266216,-62.30541744629629,-1317.2310992266207,-62.08141744629628,-1379.312516672917,-1385.304516672918,110.224,True,4
2025-09-23T19:30:00+00:00,SPX,2025-09-22,6652.52,RANGE,ADJUSTED,0.4908611114815358,-1322.9990992266216,-61.81455633481478,-1317.2310992266207,-61.59055633481477,-1378.8216555614354,-1384.8136555614365,110.224,True,4
2025-09-23T20:00:00+00:00,SPX,2025-09-22,6658.09,RANGE,ADJUSTED,0.6524947013581368,-1322.9990992266216,-61.16206163345677,-1317.2310992266207,-60.93806163345677,-1378.1691608600775,-1384.1611608600783,110.224,True,4
2025-09-24T13:30:00+00:00,SPX,2025-09-22,6667.03,RANGE,ADJUSTED,4.272107811481419,-1322.9990992266216,-56.88995382197528,-1317.2310992266207,-56.66595382197527,-1373.897053048596,-1379.889053048597,110.224,True,4
2025-09-24T14:00:00+00:00,SPX,2025-09-22,6658.81,RANGE,ADJUSTED,-0.3746563048148346,-1322.9990992266216,-57.264610126790075,-1317.2310992266207,-57.04061012679007,-1374.2717093534109,-1380.2637093534117,110.224,True,4
2025-09-24T14:30:00+00:00,SPX,2025-09-22,6655.25,RANGE,ADJUSTED,-0.30874765098769785,-1322.9990992266216,-57.57335777777777,-1317.2310992266207,-57.34935777777777,-1374.5804570043986,-1380.5724570043994,110.224,True,4
2025-09-24T15:00:00+00:00,SPX,2025-09-22,6654.19,RANGE,ADJUSTED,-0.019532628024762744,-1322.9990992266216,-57.59289040580252,-1317.2310992266207,-57.36889040580252,-1374.5999896324233,-1380.5919896324242,110.224,True,4
2025-09-24T15:30:00+00:00,SPX,2025-09-22,6647.73,RANGE,ADJUSTED,-0.6553607174073477,-1322.9990992266216,-58.248251123209926,-1317.2310992266207,-58.02425112320992,-1375.2553503498307,-1381.2473503498315,110.224,True,4
2025-09-24T16:00:00+00:00,SPX,2025-09-22,6629.84,RANGE,ADJUSTED,-2.0108454367900777,-1322.9990992266216,-60.25909655999999,-1317.2310992266207,-60.03509655999998,-1377.2661957866208,-1383.2581957866216,110.224,True,4
2025-09-24T16:30:00+00:00,SPX,2025-09-22,6632.09,RANGE,ADJUSTED,0.3589029318518442,-1322.9990992266216,-59.90019362814813,-1317.2310992266207,-59.67619362814813,-1376.907292854769,-1382.8992928547698,110.224,True,4
2025-09-24T17:00:00+00:00,SPX,2025-09-22,6633.43,RANGE,ADJUSTED,0.25278747320999173,-1322.9990992266216,-59.64740615493824,-1317.2310992266207,-59.423406154938235,-1376.654505381559,-1382.6465053815598,110.224,True,4
2025-09-24T17:30:00+00:00,SPX,2025-09-22,6642.42,RANGE,ADJUSTED,1.1682512912343554,-1322.9990992266216,-58.4791548637037,-1317.2310992266207,-58.255154863703694,-1375.4862540903243,-1381.4782540903254,110.224,True,4
2025-09-24T18:00:00+00:00,SPX,2025-09-22,6630.48,RANGE,ADJUSTED,-1.334281058271472,-1322.9990992266216,-59.813435921975355,-1317.2310992266207,-59.58943592197535,-1376.820535148596,-1382.812535148597,110.224,True,4
2025-09-24T18:30:00+00:00,SPX,2025-09-22,6630.75,RANGE,ADJUSTED,0.1250554528394332,-1322.9990992266216,-59.68838046913581,-1317.2310992266207,-59.464380469135804,-1376.6954796957566,-1382.6874796957575,110.224,True,4
2025-09-24T19:00:00+00:00,SPX,2025-09-22,6633.56,RANGE,ADJUSTED,0.4325449713580838,-1322.9990992266216,-59.25583549777774,-1317.2310992266207,-59.03183549777773,-1376.2629347243985,-1382.2549347243994,110.224,True,4
2025-09-24T19:30:00+00:00,SPX,2025-09-22,6635.63,RANGE,ADJUSTED,0.3454083681481279,-1322.9990992266216,-58.910427129629625,-1317.2310992266207,-58.68642712962962,-1375.9175263562504,-1381.9095263562513,110.224,True,4
2025-09-24T20:00:00+00:00,SPX,2025-09-22,6636.68,RANGE,ADJUSTED,0.22305377111115376,-1322.9990992266216,-58.687373358518485,-1317.2310992266207,-58.46337335851848,-1375.6944725851392,-1381.68647258514,110.224,True,4
2025-09-25T13:30:00+00:00,SPX,2025-09-22,6595.12,TREND_DOWN,ABORTED,-2.485973566913799,-1384.172446152054,0.0,-1378.1244461520528,0.0,-1378.1244461520528,-1384.172446152054,0.0,False,0
2025-09-25T14:00:00+00:00,SPX,2025-09-22,6595.03,RANGE,ABORTED,0.0,-1384.172446152054,0.0,-1378.1244461520528,0.0,-1378.1244461520528,-1384.172446152054,0.0,False,0
2025-09-25T14:30:00+00:00,SPX,2025-09-22,6612.85,RANGE,ABORTED,0.0,-1384.172446152054,0.0,-1378.1244461520528,0.0,-1378.1244461520528,-1384.172446152054,0.0,False,0
2025-09-25T15:00:00+00:00,SPX,2025-09-22,6606.74,RANGE,ABORTED,0.0,-1384.172446152054,0.0,-1378.1244461520528,0.0,-1378.1244461520528,-1384.172446152054,0.0,False,0
2025-09-25T15:30:00+00:00,SPX,2025-09-22,6608.91,RANGE,ABORTED,0.0,-1384.172446152054,0.0,-1378.1244461520528,0.0,-1378.1244461520528,-1384.172446152054,0.0,False,0
2025-09-25T16:00:00+00:00,SPX,2025-09-22,6614.38,RANGE,ABORTED,0.0,-1384.172446152054,0.0,-1378.1244461520528,0.0,-1378.1244461520528,-1384.172446152054,0.0,False,0
2025-09-25T16:30:00+00:00,SPX,2025-09-22,6614.17,RANGE,ABORTED,0.0,-1384.172446152054,0.0,-1378.1244461520528,0.0,-1378.1244461520528,-1384.172446152054,0.0,False,0
2025-09-25T17:00:00+00:00,SPX,2025-09-22,6602.1,RANGE,ABORTED,0.0,-1384.172446152054,0.0,-1378.1244461520528,0.0,-1378.1244461520528,-1384.172446152054,0.0,False,0
2025-09-25T17:30:00+00:00,SPX,2025-09-22,6594.29,RANGE,ABORTED,0.0,-1384.172446152054,0.0,-1378.1244461520528,0.0,-1378.1244461520528,-1384.172446152054,0.0,False,0
2025-09-25T18:00:00+00:00,SPX,2025-09-22,6569.93,RANGE,ABORTED,0.0,-1384.172446152054,0.0,-1378.1244461520528,0.0,-1378.1244461520528,-1384.172446152054,0.0,False,0
2025-09-25T18:30:00+00:00,SPX,2025-09-22,6594.82,RANGE,ABORTED,0.0,-1384.172446152054,0.0,-1378.1244461520528,0.0,-1378.1244461520528,-1384.172446152054,0.0,False,0
2025-09-25T19:00:00+00:00,SPX,2025-09-22,6604.16,RANGE,ABORTED,0.0,-1384.172446152054,0.0,-1378.1244461520528,0.0,-1378.1244461520528,-1384.172446152054,0.0,False,0
2025-09-25T19:30:00+00:00,SPX,2025-09-22,6599.81,RANGE,ABORTED,0.0,-1384.172446152054,0.0,-1378.1244461520528,0.0,-1378.1244461520528,-1384.172446152054,0.0,False,0
2025-09-25T20:00:00+00:00,SPX,2025-09-22,6604.2,RANGE,ABORTED,0.0,-1384.172446152054,0.0,-1378.1244461520528,0.0,-1378.1244461520528,-1384.172446152054,0.0,False,0
2025-09-26T13:30:00+00:00,SPX,2025-09-22,6634.67,RANGE,ABORTED,0.0,-1384.172446152054,0.0,-1378.1244461520528,0.0,-1378.1244461520528,-1384.172446152054,0.0,False,0
2025-09-26T14:00:00+00:00,SPX,2025-09-22,6635.93,RANGE,ABORTED,0.0,-1384.172446152054,0.0,-1378.1244461520528,0.0,-1378.1244461520528,-1384.172446152054,0.0,False,0
2025-09-26T14:30:00+00:00,SPX,2025-09-22,6609.26,RANGE,ABORTED,0.0,-1384.172446152054,0.0,-1378.1244461520528,0.0,-1378.1244461520528,-1384.172446152054,0.0,False,0
2025-09-26T15:00:00+00:00,SPX,2025-09-22,6613.45,RANGE,ABORTED,0.0,-1384.172446152054,0.0,-1378.1244461520528,0.0,-1378.1244461520528,-1384.172446152054,0.0,False,0
2025-09-26T15:30:00+00:00,SPX,2025-09-22,6624.07,RANGE,ABORTED,0.0,-1384.172446152054,0.0,-1378.1244461520528,0.0,-1378.1244461520528,-1384.172446152054,0.0,False,0
2025-09-26T16:00:00+00:00,SPX,2025-09-22,6613.36,RANGE,ABORTED,0.0,-1384.172446152054,0.0,-1378.1244461520528,0.0,-1378.1244461520528,-1384.172446152054,0.0,False,0
2025-09-26T16:30:00+00:00,SPX,2025-09-22,6629.29,RANGE,ABORTED,0.0,-1384.172446152054,0.0,-1378.1244461520528,0.0,-1378.1244461520528,-1384.172446152054,0.0,False,0
2025-09-26T17:00:00+00:00,SPX,2025-09-22,6637.81,RANGE,ABORTED,0.0,-1384.172446152054,0.0,-1378.1244461520528,0.0,-1378.1244461520528,-1384.172446152054,0.0,False,0
2025-09-26T17:30:00+00:00,SPX,2025-09-22,6641.23,RANGE,ABORTED,0.0,-1384.172446152054,0.0,-1378.1244461520528,0.0,-1378.1244461520528,-1384.172446152054,0.0,False,0
2025-09-26T18:00:00+00:00,SPX,2025-09-22,6640.11,RANGE,ABORTED,0.0,-1384.172446152054,0.0,-1378.1244461520528,0.0,-1378.1244461520528,-1384.172446152054,0.0,False,0
2025-09-26T18:30:00+00:00,SPX,2025-09-22,6643.69,RANGE,ABORTED,0.0,-1384.172446152054,0.0,-1378.1244461520528,0.0,-1378.1244461520528,-1384.172446152054,0.0,False,0
2025-09-26T19:00:00+00:00,SPX,2025-09-22,6643.8,RANGE,ABORTED,0.0,-1384.172446152054,0.0,-1378.1244461520528,0.0,-1378.1244461520528,-1384.172446152054,0.0,False,0
2025-09-26T19:30:00+00:00,SPX,2025-09-22,6640.24,RANGE,ABORTED,0.0,-1384.172446152054,0.0,-1378.1244461520528,0.0,-1378.1244461520528,-1384.172446152054,0.0,False,0
2025-09-26T20:00:00+00:00,SPX,2025-09-22,6643.54,RANGE,ABORTED,0.0,-1384.172446152054,0.0,-1378.1244461520528,0.0,-1378.1244461520528,-1384.172446152054,0.0,False,0
2025-09-29T13:30:00+00:00,SPX,2025-09-29,6667.87,RANGE,IDLE,0.0,-1384.172446152054,0.0,-1378.1244461520528,0.0,-1378.1244461520528,-1384.172446152054,0.0,False,0
2025-09-29T14:00:00+00:00,SPX,2025-09-29,6667.71,RANGE,ACTIVE,-82.66800000000012,-1384.172446152054,-82.668,-1378.1244461520528,-82.5,-1460.6244461520528,-1466.840446152054,82.668,False,3
2025-09-29T14:30:00+00:00,SPX,2025-09-29,6673.81,RANGE,ADJUSTED,15.655559235555756,-1384.172446152054,-67.01244076444442,-1378.1244461520528,-66.78844076444442,-1444.9128869164972,-1451.1848869164983,110.224,True,4
2025-09-29T15:00:00+00:00,SPX,2025-09-29,6671.06,RANGE,ADJUSTED,-0.08497980469132926,-1384.172446152054,-67.09742056913578,-1378.1244461520528,-66.87342056913577,-1444.9978667211885,-1451.2698667211896,110.224,True,4
2025-09-29T15:30:00+00:00,SPX,2025-09-29,6659.01,RANGE,ADJUSTED,-0.7472238182717774,-1384.172446152054,-67.8446443874074,-1378.1244461520528,-67.6206443874074,-1445.74509053946,-1452.0170905394614,110.224,True,4
2025-09-29T16:00:00+00:00,SPX,2025-09-29,6655.57,RANGE,ADJUSTED,-0.1441120307406436,-1384.172446152054,-67.98875641814817,-1378.1244461520528,-67.76475641814817,-1445.889202570201,-1452.161202570202,110.224,True,4
2025-09-29T16:30:00+00:00,SPX,2025-09-29,6661.79,RANGE,ADJUSTED,0.5470350260493433,-1384.172446152054,-67.44172139209877,-1378.1244461520528,-67.21772139209877,-1445.3421675441516,-1451.6141675441527,110.224,True,4
2025-09-29T17:00:00+00:00,SPX,2025-09-29,6651.17,RANGE,ADJUSTED,-0.6657852435803306,-1384.172446152054,-68.10750663567902,-1378.1244461520528,-67.883506635679,-1446.0079527877317,-1452.279952787733,110.224,True,4
2025-09-29T17:30:00+00:00,SPX,2025-09-29,6649.73,RANGE,ADJUSTED,-0.007203901358025178,-1384.172446152054,-68.11471053703707,-1378.1244461520528,-67.89071053703707,-1446.0151566890897,-1452.287156689091,110.224,True,4
2025-09-29T18:00:00+00:00,SPX,2025-09-29,6656.69,RANGE,ADJUSTED,0.6075419682715619,-1384.172446152054,-67.50716856876547,-1378.1244461520528,-67.28316856876546,-1445.4076147208182,-1451.6796147208195,110.224,True,4
2025-09-29T18:30:00+00:00,SPX,2025-09-29,6660.09,RANGE,ADJUSTED,0.3514464324691744,-1384.172446152054,-67.15572213629629,-1378.1244461520528,-66.93172213629629,-1445.056168288349,-1451.3281682883503,110.224,True,4
2025-09-29T19:00:00+00:00,SPX,2025-09-29,6657.18,RANGE,ADJUSTED,-0.11422288370363276,-1384.172446152054,-67.26994501999998,-1378.1244461520528,-67.04594501999998,-1445.1703911720529,-1451.442391172054,110.224,True,4
2025-09-29T19:30:00+00:00,SPX,2025-09-29,6654.87,RANGE,ADJUSTED,-0.07216531259268777,-1384.172446152054,-67.34211033259261,-1378.1244461520528,-67.11811033259261,-1445.2425564846453,-1451.5145564846466,110.224,True,4
2025-09-29T20:00:00+00:00,SPX,2025-09-29,6661.71,RANGE,ADJUSTED,0.6145272751853099,-1384.172446152054,-66.72758305740741,-1378.1244461520528,-66.50358305740741,-1444.6280292094602,-1450.9000292094613,110.224,True,4
2025-09-30T13:30:00+00:00,SPX,2025-09-29,6649.96,RANGE,ADJUSTED,2.5149776598766493,-1384.172446152054,-64.21260539753087,-1378.1244461520528,-63.98860539753086,-1442.1130515495836,-1448.3850515495847,110.224,True,4
2025-09-30T14:00:00+00:00,SPX,2025-09-29,6658.59,RANGE,ADJUSTED,0.8978353904938103,-1384.172446152054,-63.314770007037026,-1378.1244461520528,-63.09077000703702,-1441.2152161590898,-1447.4872161590908,110.224,True,4
2025-09-30T14:30:00+00:00,SPX,2025-09-29,6650.94,RANGE,ADJUSTED,-0.6121664551853883,-1384.172446152054,-63.92693646222226,-1378.1244461520528,-63.702936462222254,-1441.827382614275,-1448.0993826142762,110.224,True,4
2025-09-30T15:00:00+00:00,SPX,2025-09-29,6659.56,RANGE,ADJUSTED,0.9057582246914535,-1384.172446152054,-63.02117823753083,-1378.1244461520528,-62.79717823753083,-1440.9216243895835,-1447.1936243895848,110.224,True,4
2025-09-30T15:30:00+00:00,SPX,2025-09-29,6650.64,RANGE,ADJUSTED,-0.7388103609875998,-1384.172446152054,-63.75998859851849,-1378.1244461520528,-63.53598859851848,-1441.6604347505713,-1447.9324347505724,110.224,True,4
2025-09-30T16:00:00+00:00,SPX,2025-09-29,6653.66,RANGE,ADJUSTED,0.3835312392591277,-1384.172446152054,-63.37645735925928,-1378.1244461520528,-63.15245735925927,-1441.276903511312,-1447.5489035113133,110.224,True,4
2025-09-30T16:30:00+00:00,SPX,2025-09-29,6659.08,RANGE,ADJUSTED,0.6149693217284948,-1384.172446152054,-62.76148803753088,-1378.1244461520528,-62.53748803753087,-1440.6619341895837,-1446.9339341895848,110.224,True,4
2025-09-30T17:00:00+00:00,SPX,2025-09-29,6651.05,RANGE,ADJUSTED,-0.6668733581482229,-1384.172446152054,-63.428361395679005,-1378.1244461520528,-63.204361395678994,-1441.3288075477317,-1447.600807547733,110.224,True,4
2025-09-30T17:30:00+00:00,SPX,2025-09-29,6646.4,RANGE,ADJUSTED,-0.349581093209963,-1384.172446152054,-63.777942488888925,-1378.1244461520528,-63.55394248888892,-1441.6783886409416,-1447.950388640943,110.224,True,4
2025-09-30T18:00:00+00:00,SPX,2025-09-29,6650.4,RANGE,ADJUSTED,0.48207361481490807,-1384.172446152054,-63.29586887407412,-1378.1244461520528,-63.071868874074106,-1441.196315026127,-1447.468315026128,110.224,True,4
2025-09-30T18:30:00+00:00,SPX,2025-09-29,6662.49,RANGE,ADJUSTED,1.2719282074074272,-1384.172446152054,-62.02394066666669,-1378.1244461520528,-61.799940666666686,-1439.9243868187195,-1446.1963868187206,110.224,True,4
2025-09-30T19:00:00+00:00,SPX,2025-09-29,6669.53,RANGE,ADJUSTED,0.7905978137036982,-1384.172446152054,-61.23334285296299,-1378.1244461520528,-61.00934285296299,-1439.1337890050158,-1445.405789005017,110.224,True,4
2025-09-30T19:30:00+00:00,SPX,2025-09-29,6679.85,RANGE,ADJUSTED,0.16747734802470404,-1384.172446152054,-61.065865504938316,-1378.1244461520528,-60.841865504938305,-1438.9663116569911,-1445.2383116569922,110.224,True,4
2025-09-30T20:00:00+00:00,SPX,2025-09-29,6687.06,RANGE,ADJUSTED,-0.6040395995062227,-1384.172446152054,-61.66990510444448,-1378.1244461520528,-61.44590510444448,-1439.5703512564974,-1445.8423512564984,110.224,True,4
2025-10-01T13:30:00+00:00,SPX,2025-09-29,6671.29,RANGE,ADJUSTED,4.5857228320987815,-1384.172446152054,-57.084182272345686,-1378.1244461520528,-56.86018227234568,-1434.9846284243984,-1441.2566284243997,110.224,True,4
2025-10-01T14:00:00+00:00,SPX,2025-09-29,6670.25,RANGE,ADJUSTED,-0.013246823333247448,-1384.172446152054,-57.09742909567902,-1378.1244461520528,-56.87342909567901,-1434.9978752477318,-1441.269875247733,110.224,True,4
2025-10-01T14:30:00+00:00,SPX,2025-09-29,6682.36,RANGE,ADJUSTED,-0.19729363024680424,-1384.172446152054,-57.294722725925894,-1378.1244461520528,-57.07072272592588,-1435.1951688779786,-1441.4671688779797,110.224,True,4
2025-10-01T15:00:00+00:00,SPX,2025-09-29,6685.18,RANGE,ADJUSTED,-0.22441391432107594,-1384.172446152054,-57.519136640246955,-1378.1244461520528,-57.295136640246945,-1435.4195827922997,-1441.6915827923008,110.224,True,4
2025-10-01T15:30:00+00:00,SPX,2025-09-29,6691.24,RANGE,ADJUSTED,-0.6080325913580964,-1384.172446152054,-58.12716923160491,-1378.1244461520528,-57.903169231604906,-1436.0276153836576,-1442.2996153836589,110.224,True,4
2025-10-01T16:00:00+00:00,SPX,2025-09-29,6694.01,RANGE,ADJUSTED,-0.2255651783950725,-1384.172446152054,-58.352734410000025,-1378.1244461520528,-58.12873441000002,-1436.2531805620529,-1442.525180562054,110.224,True,4
2025-10-01T16:30:00+00:00,SPX,2025-09-29,6695.71,RANGE,ADJUSTED,-0.10143267987655236,-1384.172446152054,-58.45416708987655,-1378.1244461520528,-58.230167089876545,-1436.3546132419292,-1442.6266132419305,110.224,True,4
2025-10-01T17:00:00+00:00,SPX,2025-09-29,6697.84,RANGE,ADJUSTED,-0.15425967061719348,-1384.172446152054,-58.60842676049384,-1378.1244461520528,-58.38442676049384,-1436.5088729125466,-1442.7808729125477,110.224,True,4
2025-10-01T17:30:00+00:00,SPX,2025-09-29,6704.38,RANGE,ADJUSTED,-0.6833165180246397,-1384.172446152054,-59.29174327851854,-1378.1244461520528,-59.06774327851853,-1437.1921894305713,-1443.4641894305723,110.224,True,4
2025-10-01T18:00:00+00:00,SPX,2025-09-29,6707.23,RANGE,ADJUSTED,-0.2469291420989066,-1384.172446152054,-59.53867242061723,-1378.1244461520528,-59.31467242061723,-1437.43911857267,-1443.7111185726712,110.224,True,4
2025-10-01T18:30:00+00:00,SPX,2025-09-29,6714.27,RANGE,ADJUSTED,-0.7544665808641184,-1384.172446152054,-60.293139001481535,-1378.1244461520528,-60.06913900148153,-1438.1935851535343,-1444.4655851535354,110.224,True,4
2025-10-01T19:00:00+00:00,SPX,2025-09-29,6718.16,RANGE,ADJUSTED,-0.38029604148141516,-1384.172446152054,-60.67343504296295,-1378.1244461520528,-60.449435042962946,-1438.5738811950157,-1444.8458811950168,110.224,True,4
2025-10-01T19:30:00+00:00,SPX,2025-09-29,6717.23,RANGE,ADJUSTED,0.20127204913569585,-1384.172446152054,-60.47216299382711,-1378.1244461520528,-60.24816299382711,-1438.3726091458798,-1444.644609145881,110.224,True,4
2025-10-01T20:00:00+00:00,SPX,2025-09-29,6710.92,RANGE,ADJUSTED,0.8581434970369628,-1384.172446152054,-59.614019496790135,-1378.1244461520528,-59.39001949679013,-1437.5144656488428,-1443.7864656488441,110.224,True,4
2025-10-02T13:30:00+00:00,SPX,2025-09-29,6728.53,RANGE,ADJUSTED,0.7681603083951813,-1384.172446152054,-58.845859188395025,-1378.1244461520528,-58.62185918839502,-1436.7463053404479,-1443.018305340449,110.224,True,4
2025-10-02T14:00:00+00:00,SPX,2025-09-29,6719.68,RANGE,ADJUSTED,1.317114107901034,-1384.172446152054,-57.52874508049388,-1378.1244461520528,-57.304745080493866,-1435.4291912325466,-1441.701191232548,110.224,True,4
2025-10-02T14:30:00+00:00,SPX,2025-09-29,6709.07,RANGE,ADJUSTED,1.5719369382718469,-1384.172446152054,-55.95680814222219,-1378.1244461520528,-55.732808142222176,-1433.857254294275,-1440.129254294276,110.224,True,4
2025-10-02T15:00:00+00:00,SPX,2025-09-29,6695.13,RANGE,ADJUSTED,2.0497309596294144,-1384.172446152054,-53.907077182592616,-1378.1244461520528,-53.683077182592605,-1431.8075233346453,-1438.0795233346466,110.224,True,4
2025-10-02T15:30:00+00:00,SPX,2025-09-29,6698.52,RANGE,ADJUSTED,-0.37803723222214103,-1384.172446152054,-54.285114414814885,-1378.1244461520528,-54.061114414814874,-1432.1855605668677,-1438.4575605668688,110.224,True,4
2025-10-02T16:00:00+00:00,SPX,2025-09-29,6706.2,RANGE,ADJUSTED,-0.9877554296294875,-1384.172446152054,-55.27286984444443,-1378.1244461520528,-55.04886984444442,-1433.1733159964972,-1439.4453159964983,110.224,True,4
2025-10-02T16:30:00+00:00,SPX,2025-09-29,6707.32,RANGE,ADJUSTED,-0.06472338617277273,-1384.172446152054,-55.337593230617244,-1378.1244461520528,-55.113593230617234,-1433.23803938267,-1439.510039382671,110.224,True,4
2025-10-02T17:00:00+00:00,SPX,2025-09-29,6705.71,RANGE,ADJUSTED,0.32274741074047597,-1384.172446152054,-55.014845819876555,-1378.1244461520528,-54.79084581987655,-1432.9152919719293,-1439.1872919719306,110.224,True,4
2025-10-02T17:30:00+00:00,SPX,2025-09-29,6711.05,RANGE,ADJUSTED,-0.668252931975303,-1384.172446152054,-55.68309875185189,-1378.1244461520528,-55.459098751851876,-1433.5835449039046,-1439.8555449039059,110.224,True,4
2025-10-02T18:00:00+00:00,SPX,2025-09-29,6715.45,RANGE,ADJUSTED,-0.5387381524690227,-1384.172446152054,-56.221836904320966,-1378.1244461520528,-55.997836904320955,-1434.1222830563738,-1440.394283056375,110.224,True,4
2025-10-02T18:30:00+00:00,SPX,2025-09-29,6721.48,RANGE,ADJUSTED,-0.7773849939505908,-1384.172446152054,-56.99922189827154,-1378.1244461520528,-56.77522189827154,-1434.8996680503244,-1441.1716680503255,110.224,True,4
2025-10-02T19:00:00+00:00,SPX,2025-09-29,6721.06,RANGE,ADJUSTED,0.14731322493821608,-1384.172446152054,-56.851908673333384,-1378.1244461520528,-56.62790867333338,-1434.7523548253862,-1441.0243548253873,110.224,True,4
2025-10-02T19:30:00+00:00,SPX,2025-09-29,6718.83,RANGE,ADJUSTED,0.4097334266666621,-1384.172446152054,-56.442175246666665,-1378.1244461520528,-56.218175246666654,-1434.3426213987195,-1440.6146213987206,110.224,True,4
2025-10-02T20:00:00+00:00,SPX,2025-09-29,6715.8,RANGE,ADJUSTED,0.5280950318517625,-1384.172446152054,-55.914080214814845,-1378.1244461520528,-55.690080214814834,-1433.8145263668675,-1440.0865263668688,110.224,True,4
2025-10-03T13:30:00+00:00,SPX,2025-09-29,6730.67,RANGE,EXITED,0.6631368609876063,-1439.4233895058812,0.0,-1433.09538950588,0.0,-1433.09538950588,-1439.4233895058812,0.0,False,0
2025-10-03T14:00:00+00:00,SPX,2025-09-29,6727.69,RANGE,EXITED,0.0,-1439.4233895058812,0.0,-1433.09538950588,0.0,-1433.09538950588,-1439.4233895058812,0.0,False,0
2025-10-03T14:30:00+00:00,SPX,2025-09-29,6740.72,RANGE,EXITED,0.0,-1439.4233895058812,0.0,-1433.09538950588,0.0,-1433.09538950588,-1439.4233895058812,0.0,False,0
2025-10-03T15:00:00+00:00,SPX,2025-09-29,6742.16,RANGE,EXITED,0.0,-1439.4233895058812,0.0,-1433.09538950588,0.0,-1433.09538950588,-1439.4233895058812,0.0,False,0
2025-10-03T15:30:00+00:00,SPX,2025-09-29,6741.76,RANGE,EXITED,0.0,-1439.4233895058812,0.0,-1433.09538950588,0.0,-1433.09538950588,-1439.4233895058812,0.0,False,0
2025-10-03T16:00:00+00:00,SPX,2025-09-29,6749.7,RANGE,EXITED,0.0,-1439.4233895058812,0.0,-1433.09538950588,0.0,-1433.09538950588,-1439.4233895058812,0.0,False,0
2025-10-03T16:30:00+00:00,SPX,2025-09-29,6749.25,RANGE,EXITED,0.0,-1439.4233895058812,0.0,-1433.09538950588,0.0,-1433.09538950588,-1439.4233895058812,0.0,False,0
2025-10-03T17:00:00+00:00,SPX,2025-09-29,6732.74,RANGE,EXITED,0.0,-1439.4233895058812,0.0,-1433.09538950588,0.0,-1433.09538950588,-1439.4233895058812,0.0,False,0
2025-10-03T17:30:00+00:00,SPX,2025-09-29,6730.2,RANGE,EXITED,0.0,-1439.4233895058812,0.0,-1433.09538950588,0.0,-1433.09538950588,-1439.4233895058812,0.0,False,0
2025-10-03T18:00:00+00:00,SPX,2025-09-29,6710.19,RANGE,EXITED,0.0,-1439.4233895058812,0.0,-1433.09538950588,0.0,-1433.09538950588,-1439.4233895058812,0.0,False,0
2025-10-03T18:30:00+00:00,SPX,2025-09-29,6723.7,RANGE,EXITED,0.0,-1439.4233895058812,0.0,-1433.09538950588,0.0,-1433.09538950588,-1439.4233895058812,0.0,False,0
2025-10-03T19:00:00+00:00,SPX,2025-09-29,6722.15,RANGE,EXITED,0.0,-1439.4233895058812,0.0,-1433.09538950588,0.0,-1433.09538950588,-1439.4233895058812,0.0,False,0
2025-10-03T19:30:00+00:00,SPX,2025-09-29,6722.83,RANGE,EXITED,0.0,-1439.4233895058812,0.0,-1433.09538950588,0.0,-1433.09538950588,-1439.4233895058812,0.0,False,0
2025-10-03T20:00:00+00:00,SPX,2025-09-29,6715.86,RANGE,EXITED,0.0,-1439.4233895058812,0.0,-1433.09538950588,0.0,-1433.09538950588,-1439.4233895058812,0.0,False,0
2025-10-06T13:30:00+00:00,SPX,2025-10-06,6735.24,RANGE,IDLE,0.0,-1439.4233895058812,0.0,-1433.09538950588,0.0,-1433.09538950588,-1439.4233895058812,0.0,False,0
2025-10-06T14:00:00+00:00,SPX,2025-10-06,6723.75,RANGE,ACTIVE,-82.66799999999989,-1439.4233895058812,-82.668,-1433.09538950588,-82.5,-1515.59538950588,-1522.0913895058811,82.668,False,3
2025-10-06T14:30:00+00:00,SPX,2025-10-06,6729.93,RANGE,ADJUSTED,15.733903484444454,-1439.4233895058812,-66.93409651555554,-1433.09538950588,-66.71009651555553,-1499.8054860214354,-1506.3574860214367,110.224,True,4
2025-10-06T15:00:00+00:00,SPX,2025-10-06,6733.91,RANGE,ADJUSTED,-0.16121097395080142,-1439.4233895058812,-67.09530748950617,-1433.09538950588,-66.87130748950617,-1499.966696995386,-1506.5186969953875,110.224,True,4
2025-10-06T15:30:00+00:00,SPX,2025-10-06,6737.81,RANGE,ADJUSTED,-0.16919695765432152,-1439.4233895058812,-67.26450444716053,-1433.09538950588,-67.04050444716052,-1500.1358939530405,-1506.6878939530418,110.224,True,4
2025-10-06T16:00:00+00:00,SPX,2025-10-06,6740.29,RANGE,ADJUSTED,-0.07158725172826053,-1439.4233895058812,-67.3360916988889,-1433.09538950588,-67.11209169888889,-1500.2074812047688,-1506.75948120477,110.224,True,4
2025-10-06T16:30:00+00:00,SPX,2025-10-06,6740.36,RANGE,ADJUSTED,0.0992661660493468,-1439.4233895058812,-67.23682553283949,-1433.09538950588,-67.01282553283949,-1500.1082150387194,-1506.6602150387207,110.224,True,4
2025-10-06T17:00:00+00:00,SPX,2025-10-06,6741.11,RANGE,ADJUSTED,0.04998040530858816,-1439.4233895058812,-67.18684512753084,-1433.09538950588,-66.96284512753084,-1500.0582346334108,-1506.6102346334121,110.224,True,4
2025-10-06T17:30:00+00:00,SPX,2025-10-06,6744.38,RANGE,ADJUSTED,-0.13436757617273543,-1439.4233895058812,-67.32121270370372,-1433.09538950588,-67.09721270370372,-1500.1926022095836,-1506.7446022095849,110.224,True,4
2025-10-06T18:00:00+00:00,SPX,2025-10-06,6748.08,RANGE,ADJUSTED,-0.16908523160509503,-1439.4233895058812,-67.49029793530865,-1433.09538950588,-67.26629793530864,-1500.3616874411885,-1506.91368744119,110.224,True,4
2025-10-06T18:30:00+00:00,SPX,2025-10-06,6748.23,RANGE,ADJUSTED,0.08943913135817638,-1439.4233895058812,-67.40085880395058,-1433.09538950588,-67.17685880395058,-1500.2722483098305,-1506.8242483098318,110.224,True,4
2025-10-06T19:00:00+00:00,SPX,2025-10-06,6744.15,RANGE,ADJUSTED,0.4036759317284577,-1439.4233895058812,-66.9971828722222,-1433.09538950588,-66.7731828722222,-1499.868572378102,-1506.4205723781033,110.224,True,4
2025-10-06T19:30:00+00:00,SPX,2025-10-06,6741.93,RANGE,ADJUSTED,0.26849712728380837,-1439.4233895058812,-66.7286857449383,-1433.09538950588,-66.50468574493829,-1499.6000752508182,-1506.1520752508195,110.224,True,4
2025-10-06T20:00:00+00:00,SPX,2025-10-06,6740.29,RANGE,ADJUSTED,0.22698361345669582,-1439.4233895058812,-66.50170213148148,-1433.09538950588,-66.27770213148148,-1499.3730916373613,-1505.9250916373628,110.224,True,4
2025-10-07T13:30:00+00:00,SPX,2025-10-06,6753.83,RANGE,ADJUSTED,2.4007742067901745,-1439.4233895058812,-64.10092792469136,-1433.09538950588,-63.87692792469135,-1496.9723174305711,-1503.5243174305726,110.224,True,4
2025-10-07T14:00:00+00:00,SPX,2025-10-06,6740.78,RANGE,ADJUSTED,1.308516059753174,-1439.4233895058812,-62.79241186493826,-1433.09538950588,-62.56841186493825,-1495.6638013708182,-1502.2158013708195,110.224,True,4
2025-10-07T14:30:00+00:00,SPX,2025-10-06,6737.52,RANGE,ADJUSTED,0.408110970123289,-1439.4233895058812,-62.38430089481486,-1433.09538950588,-62.16030089481485,-1495.2556904006947,-1501.8076904006962,110.224,True,4
2025-10-07T15:00:00+00:00,SPX,2025-10-06,6726.96,RANGE,ADJUSTED,0.5256564893827544,-1439.4233895058812,-61.8586444054321,-1433.09538950588,-61.6346444054321,-1494.730033911312,-1501.2820339113134,110.224,True,4
2025-10-07T15:30:00+00:00,SPX,2025-10-06,6713.24,RANGE,ADJUSTED,-1.1851316400000087,-1439.4233895058812,-63.043776045432125,-1433.09538950588,-62.819776045432114,-1495.915165551312,-1502.4671655513134,110.224,True,4
2025-10-07T16:00:00+00:00,SPX,2025-10-06,6709.97,RANGE,ADJUSTED,-0.2085925341973507,-1439.4233895058812,-63.252368579629604,-1433.09538950588,-63.0283685796296,-1496.1237580855095,-1502.6757580855108,110.224,True,4
2025-10-07T16:30:00+00:00,SPX,2025-10-06,6715.5,RANGE,ADJUSTED,0.626078777160501,-1439.4233895058812,-62.62628980246913,-1433.09538950588,-62.40228980246913,-1495.497679308349,-1502.0496793083503,110.224,True,4
2025-10-07T17:00:00+00:00,SPX,2025-10-06,6713.71,RANGE,ADJUSTED,-0.06904184086420173,-1439.4233895058812,-62.69533164333333,-1433.09538950588,-62.47133164333333,-1495.5667211492132,-1502.1187211492145,110.224,True,4
2025-10-07T17:30:00+00:00,SPX,2025-10-06,6709.97,RANGE,ADJUSTED,-0.25833491444450374,-1439.4233895058812,-62.95366655777775,-1433.09538950588,-62.72966655777775,-1495.8250560636577,-1502.377056063659,110.224,True,4
2025-10-07T18:00:00+00:00,SPX,2025-10-06,6703.52,RANGE,ADJUSTED,-0.523936879753137,-1439.4233895058812,-63.47760343753083,-1433.09538950588,-63.25360343753082,-1496.3489929434106,-1502.9009929434121,110.224,True,4
2025-10-07T18:30:00+00:00,SPX,2025-10-06,6711.92,RANGE,ADJUSTED,0.9125200795062938,-1439.4233895058812,-62.565083358024694,-1433.09538950588,-62.34108335802468,-1495.4364728639046,-1501.9884728639058,110.224,True,4
2025-10-07T19:00:00+00:00,SPX,2025-10-06,6712.4,RANGE,ADJUSTED,0.14738123209872356,-1439.4233895058812,-62.41770212592597,-1433.09538950588,-62.19370212592596,-1495.2890916318058,-1501.841091631807,110.224,True,4
2025-10-07T19:30:00+00:00,SPX,2025-10-06,6711.4,RANGE,ADJUSTED,0.0026231333331452333,-1439.4233895058812,-62.415078992592626,-1433.09538950588,-62.19107899259262,-1495.2864684984725,-1501.838468498474,110.224,True,4
2025-10-07T20:00:00+00:00,SPX,2025-10-06,6714.28,RANGE,ADJUSTED,0.384259887407552,-1439.4233895058812,-62.030819105185216,-1433.09538950588,-61.80681910518521,-1494.9022086110651,-1501.4542086110664,110.224,True,4
2025-10-08T13:30:00+00:00,SPX,2025-10-06,6724.5,RANGE,ADJUSTED,4.739691043456787,-1439.4233895058812,-57.2911280617284,-1433.09538950588,-57.0671280617284,-1490.1625175676083,-1496.7145175676096,110.224,True,4
2025-10-08T14:00:00+00:00,SPX,2025-10-06,6736.75,RANGE,ADJUSTED,-0.03849691049390458,-1439.4233895058812,-57.32962497222222,-1433.09538950588,-57.105624972222216,-1490.201014478102,-1496.7530144781035,110.224,True,4
2025-10-08T14:30:00+00:00,SPX,2025-10-06,6743.94,RANGE,ADJUSTED,-0.7322185240739145,-1439.4233895058812,-58.06184349629625,-1433.09538950588,-57.837843496296244,-1490.9332330021762,-1497.4852330021774,110.224,True,4
2025-10-08T15:00:00+00:00,SPX,2025-10-06,6743.32,RANGE,ADJUSTED,0.175108722962932,-1439.4233895058812,-57.8867347733333,-1433.09538950588,-57.6627347733333,-1490.7581242792132,-1497.3101242792145,110.224,True,4
2025-10-08T15:30:00+00:00,SPX,2025-10-06,6748.54,RANGE,ADJUSTED,-0.5108114977779223,-1439.4233895058812,-58.39754627111111,-1433.09538950588,-58.1735462711111,-1491.268935776991,-1497.8209357769924,110.224,True,4
2025-10-08T16:00:00+00:00,SPX,2025-10-06,6751.24,RANGE,ADJUSTED,-0.21841956888874847,-1439.4233895058812,-58.61596583999997,-1433.09538950588,-58.39196583999997,-1491.48735534588,-1498.0393553458812,110.224,True,4
2025-10-08T16:30:00+00:00,SPX,2025-10-06,6751.62,RANGE,ADJUSTED,0.053939393580094475,-1439.4233895058812,-58.56202644641975,-1433.09538950588,-58.33802644641974,-1491.4334159522996,-1497.985415952301,110.224,True,4
2025-10-08T17:00:00+00:00,SPX,2025-10-06,6751.62,RANGE,ADJUSTED,0.098794973580425,-1439.4233895058812,-58.463231472839496,-1433.09538950588,-58.23923147283949,-1491.3346209787194,-1497.8866209787207,110.224,True,4
2025-10-08T17:30:00+00:00,SPX,2025-10-06,6753.7,RANGE,ADJUSTED,-0.14976148271603051,-1439.4233895058812,-58.61299295555554,-1433.09538950588,-58.38899295555553,-1491.4843824614354,-1498.0363824614367,110.224,True,4
2025-10-08T18:00:00+00:00,SPX,2025-10-06,6752.12,RANGE,ADJUSTED,0.2873593990123027,-1439.4233895058812,-58.325633556543195,-1433.09538950588,-58.10163355654319,-1491.197023062423,-1497.7490230624244,110.224,True,4
2025-10-08T18:30:00+00:00,SPX,2025-10-06,6752.21,RANGE,ADJUSTED,0.08770980641975257,-1439.4233895058812,-58.23792375012347,-1433.09538950588,-58.01392375012346,-1491.1093132560034,-1497.6613132560046,110.224,True,4
2025-10-08T19:00:00+00:00,SPX,2025-10-06,6749.1,RANGE,ADJUSTED,0.4746802649381152,-1439.4233895058812,-57.76324348518523,-1433.09538950588,-57.539243485185224,-1490.634632991065,-1497.1866329910665,110.224,True,4
2025-10-08T19:30:00+00:00,SPX,2025-10-06,6752.58,RANGE,ADJUSTED,-0.32259682345670626,-1439.4233895058812,-58.08584030864198,-1433.09538950588,-57.861840308641966,-1490.957229814522,-1497.5092298145232,110.224,True,4
2025-10-08T20:00:00+00:00,SPX,2025-10-06,6753.58,RANGE,ADJUSTED,-0.023598484691319754,-1439.4233895058812,-58.109438793333325,-1433.09538950588,-57.88543879333332,-1490.9808282992133,-1497.5328282992145,110.224,True,4
2025-10-09T13:30:00+00:00,SPX,2025-10-06,6757.16,RANGE,ADJUSTED,2.9271350560493374,-1439.4233895058812,-55.18230373728393,-1433.09538950588,-54.95830373728393,-1488.0536932431637,-1494.6056932431652,110.224,True,4
2025-10-09T14:00:00+00:00,SPX,2025-10-06,6743.3,RANGE,ADJUSTED,2.028391284197596,-1439.4233895058812,-53.15391245308645,-1433.09538950588,-52.92991245308644,-1486.0253019589663,-1492.5773019589676,110.224,True,4
2025-10-09T14:30:00+00:00,SPX,2025-10-06,6730.68,RANGE,ADJUSTED,1.8683801508641409,-1439.4233895058812,-51.285532302222265,-1433.09538950588,-51.06153230222226,-1484.1569218081022,-1490.7089218081035,110.224,True,4
2025-10-09T15:00:00+00:00,SPX,2025-10-06,6739.02,RANGE,ADJUSTED,-1.0618540886421215,-1439.4233895058812,-52.34738639086426,-1433.09538950588,-52.123386390864255,-1485.218775896744,-1491.7707758967456,110.224,True,4
2025-10-09T15:30:00+00:00,SPX,2025-10-06,6726.99,RANGE,ADJUSTED,0.951556189629855,-1439.4233895058812,-51.3958302012346,-1433.09538950588,-51.1718302012346,-1484.2672197071145,-1490.8192197071157,110.224,True,4
2025-10-09T16:00:00+00:00,SPX,2025-10-06,6738.73,RANGE,ADJUSTED,-0.700731208765319,-1439.4233895058812,-52.096561409999936,-1433.09538950588,-51.87256140999993,-1484.9679509158798,-1491.519950915881,110.224,True,4
2025-10-09T16:30:00+00:00,SPX,2025-10-06,6733.79,RANGE,ADJUSTED,0.8057634104936824,-1439.4233895058812,-51.29079799950617,-1433.09538950588,-51.066797999506164,-1484.162187505386,-1490.7141875053874,110.224,True,4
2025-10-09T17:00:00+00:00,SPX,2025-10-06,6721.76,RANGE,ADJUSTED,-0.5259090874073991,-1439.4233895058812,-51.81670708691355,-1433.09538950588,-51.59270708691355,-1484.6880965927935,-1491.2400965927948,110.224,True,4
2025-10-09T17:30:00+00:00,SPX,2025-10-06,6720.08,RANGE,ADJUSTED,-0.13463474716058954,-1439.4233895058812,-51.951341834074086,-1433.09538950588,-51.727341834074075,-1484.8227313399539,-1491.3747313399554,110.224,True,4
2025-10-09T18:00:00+00:00,SPX,2025-10-06,6721.03,RANGE,ADJUSTED,0.24061419148142704,-1439.4233895058812,-51.71072764259263,-1433.09538950588,-51.486727642592626,-1484.5821171484724,-1491.134117148474,110.224,True,4
2025-10-09T18:30:00+00:00,SPX,2025-10-06,6721.02,RANGE,ADJUSTED,0.10350204061751356,-1439.4233895058812,-51.607225601975244,-1433.09538950588,-51.38322560197524,-1484.4786151078551,-1491.0306151078564,110.224,True,4
2025-10-09T19:00:00+00:00,SPX,2025-10-06,6723.79,RANGE,ADJUSTED,0.5045694119751261,-1439.4233895058812,-51.102656190000005,-1433.09538950588,-50.87865619,-1483.9740456958798,-1490.5260456958813,110.224,True,4
2025-10-09T19:30:00+00:00,SPX,2025-10-06,6729.62,RANGE,ADJUSTED,0.9502203346914939,-1439.4233895058812,-50.15243585530865,-1433.09538950588,-49.92843585530865,-1483.0238253611885,-1489.5758253611898,110.224,True,4
2025-10-09T20:00:00+00:00,SPX,2025-10-06,6734.91,RANGE,ADJUSTED,-0.5488420734568535,-1439.4233895058812,-50.70127792876541,-1433.09538950588,-50.4772779287654,-1483.5726674346454,-1490.1246674346467,110.224,True,4
2025-10-10T13:30:00+00:00,SPX,2025-10-06,6748.1,RANGE,EXITED,1.5459038077776768,-1488.578763626869,0.0,-1481.9707636268677,0.0,-1481.9707636268677,-1488.578763626869,0.0,False,0
2025-10-10T14:00:00+00:00,SPX,2025-10-06,6747.93,RANGE,EXITED,0.0,-1488.578763626869,0.0,-1481.9707636268677,0.0,-1481.9707636268677,-1488.578763626869,0.0,False,0
2025-10-10T14:30:00+00:00,SPX,2025-10-06,6749.42,RANGE,EXITED,0.0,-1488.578763626869,0.0,-1481.9707636268677,0.0,-1481.9707636268677,-1488.578763626869,0.0,False,0
2025-10-10T15:00:00+00:00,SPX,2025-10-06,6682.92,RANGE,EXITED,0.0,-1488.578763626869,0.0,-1481.9707636268677,0.0,-1481.9707636268677,-1488.578763626869,0.0,False,0
2025-10-10T15:30:00+00:00,SPX,2025-10-06,6626.88,TREND_DOWN,EXITED,0.0,-1488.578763626869,0.0,-1481.9707636268677,0.0,-1481.9707636268677,-1488.578763626869,0.0,False,0
2025-10-10T16:00:00+00:00,SPX,2025-10-06,6629.9,RANGE,EXITED,0.0,-1488.578763626869,0.0,-1481.9707636268677,0.0,-1481.9707636268677,-1488.578763626869,0.0,False,0
2025-10-10T16:30:00+00:00,SPX,2025-10-06,6637.87,RANGE,EXITED,0.0,-1488.578763626869,0.0,-1481.9707636268677,0.0,-1481.9707636268677,-1488.578763626869,0.0,False,0
2025-10-10T17:00:00+00:00,SPX,2025-10-06,6604.86,RANGE,EXITED,0.0,-1488.578763626869,0.0,-1481.9707636268677,0.0,-1481.9707636268677,-1488.578763626869,0.0,False,0
2025-10-10T17:30:00+00:00,SPX,2025-10-06,6625.12,RANGE,EXITED,0.0,-1488.578763626869,0.0,-1481.9707636268677,0.0,-1481.9707636268677,-1488.578763626869,0.0,False,0
2025-10-10T18:00:00+00:00,SPX,2025-10-06,6611.35,RANGE,EXITED,0.0,-1488.578763626869,0.0,-1481.9707636268677,0.0,-1481.9707636268677,-1488.578763626869,0.0,False,0
2025-10-10T18:30:00+00:00,SPX,2025-10-06,6609.93,RANGE,EXITED,0.0,-1488.578763626869,0.0,-1481.9707636268677,0.0,-1481.9707636268677,-1488.578763626869,0.0,False,0
2025-10-10T19:00:00+00:00,SPX,2025-10-06,6598.99,TREND_DOWN,EXITED,0.0,-1488.578763626869,0.0,-1481.9707636268677,0.0,-1481.9707636268677,-1488.578763626869,0.0,False,0
2025-10-10T19:30:00+00:00,SPX,2025-10-06,6578.2,TREND_DOWN,EXITED,0.0,-1488.578763626869,0.0,-1481.9707636268677,0.0,-1481.9707636268677,-1488.578763626869,0.0,False,0
2025-10-10T20:00:00+00:00,SPX,2025-10-06,6552.8,TREND_DOWN,EXITED,0.0,-1488.578763626869,0.0,-1481.9707636268677,0.0,-1481.9707636268677,-1488.578763626869,0.0,False,0
2025-10-13T13:30:00+00:00,SPX,2025-10-13,6629.81,RANGE,IDLE,0.0,-1488.578763626869,0.0,-1481.9707636268677,0.0,-1481.9707636268677,-1488.578763626869,0.0,False,0
2025-10-13T14:00:00+00:00,SPX,2025-10-13,6653.48,RANGE,ACTIVE,-82.66799999999989,-1488.578763626869,-82.668,-1481.9707636268677,-82.5,-1564.4707636268677,-1571.2467636268689,82.668,False,3
2025-10-13T14:30:00+00:00,SPX,2025-10-13,6638.36,RANGE,ADJUSTED,15.624081635555513,-1488.578763626869,-67.04391836444447,-1481.9707636268677,-66.81991836444446,-1548.790681991312,-1555.6226819913134,110.224,True,4
2025-10-13T15:00:00+00:00,SPX,2025-10-13,6624.47,RANGE,ADJUSTED,-0.8698553016049573,-1488.578763626869,-67.91377366604937,-1481.9707636268677,-67.68977366604936,-1549.660537292917,-1556.4925372929183,110.224,True,4
2025-10-13T15:30:00+00:00,SPX,2025-10-13,6652.28,RANGE,ADJUSTED,0.33224898259254587,-1488.578763626869,-67.58152468345678,-1481.9707636268677,-67.35752468345677,-1549.3282883103245,-1556.1602883103258,110.224,True,4
2025-10-13T16:00:00+00:00,SPX,2025-10-13,6653.55,RANGE,ADJUSTED,0.012644474197486488,-1488.578763626869,-67.56888020925928,-1481.9707636268677,-67.34488020925927,-1549.315643836127,-1556.1476438361283,110.224,True,4
2025-10-13T16:30:00+00:00,SPX,2025-10-13,6660.26,RANGE,ADJUSTED,-0.37968883469125103,-1488.578763626869,-67.94856904395064,-1481.9707636268677,-67.72456904395062,-1549.6953326708183,-1556.5273326708195,110.224,True,4
2025-10-13T17:00:00+00:00,SPX,2025-10-13,6667.9,RANGE,ADJUSTED,-0.45352032271603093,-1488.578763626869,-68.40208936666664,-1481.9707636268677,-68.17808936666664,-1550.1488529935343,-1556.9808529935356,110.224,True,4
2025-10-13T17:30:00+00:00,SPX,2025-10-13,6652.55,RANGE,ADJUSTED,1.214219274073912,-1488.578763626869,-67.1878700925926,-1481.9707636268677,-66.9638700925926,-1548.9346337194602,-1555.7666337194617,110.224,True,4
2025-10-13T18:00:00+00:00,SPX,2025-10-13,6656.82,RANGE,ADJUSTED,-0.2100061116047982,-1488.578763626869,-67.39787620419752,-1481.9707636268677,-67.17387620419751,-1549.1446398310652,-1555.9766398310664,110.224,True,4
2025-10-13T18:30:00+00:00,SPX,2025-10-13,6661.7,RANGE,ADJUSTED,-0.2591947192593125,-1488.578763626869,-67.65707092345679,-1481.9707636268677,-67.43307092345677,-1549.4038345503245,-1556.2358345503258,110.224,True,4
2025-10-13T19:00:00+00:00,SPX,2025-10-13,6642.33,RANGE,ADJUSTED,1.538375404567887,-1488.578763626869,-66.11869551888888,-1481.9707636268677,-65.89469551888888,-1547.8654591457566,-1554.6974591457579,110.224,True,4
2025-10-13T19:30:00+00:00,SPX,2025-10-13,6652.33,RANGE,ADJUSTED,-0.6399133766667546,-1488.578763626869,-66.75860889555555,-1481.9707636268677,-66.53460889555555,-1548.5053725224232,-1555.3373725224246,110.224,True,4
2025-10-13T20:00:00+00:00,SPX,2025-10-13,6653.91,RANGE,ADJUSTED,-0.015656219876518662,-1488.578763626869,-66.77426511543209,-1481.9707636268677,-66.55026511543208,-1548.5210287422997,-1555.3530287423011,110.224,True,4
2025-10-14T13:30:00+00:00,SPX,2025-10-13,6580.47,TREND_DOWN,ABORTED,-0.6776097351851149,-1556.0306384774863,0.0,-1549.142638477485,0.0,-1549.142638477485,-1556.0306384774863,0.0,False,0
2025-10-14T14:00:00+00:00,SPX,2025-10-13,6598.33,RANGE,ABORTED,0.0,-1556.0306384774863,0.0,-1549.142638477485,0.0,-1549.142638477485,-1556.0306384774863,0.0,False,0
2025-10-14T14:30:00+00:00,SPX,2025-10-13,6617.08,RANGE,ABORTED,0.0,-1556.0306384774863,0.0,-1549.142638477485,0.0,-1549.142638477485,-1556.0306384774863,0.0,False,0
2025-10-14T15:00:00+00:00,SPX,2025-10-13,6628.3,RANGE,ABORTED,0.0,-1556.0306384774863,0.0,-1549.142638477485,0.0,-1549.142638477485,-1556.0306384774863,0.0,False,0
2025-10-14T15:30:00+00:00,SPX,2025-10-13,6624.64,RANGE,ABORTED,0.0,-1556.0306384774863,0.0,-1549.142638477485,0.0,-1549.142638477485,-1556.0306384774863,0.0,False,0
2025-10-14T16:00:00+00:00,SPX,2025-10-13,6643.41,RANGE,ABORTED,0.0,-1556.0306384774863,0.0,-1549.142638477485,0.0,-1549.142638477485,-1556.0306384774863,0.0,False,0
2025-10-14T16:30:00+00:00,SPX,2025-10-13,6663.19,RANGE,ABORTED,0.0,-1556.0306384774863,0.0,-1549.142638477485,0.0,-1549.142638477485,-1556.0306384774863,0.0,False,0
2025-10-14T17:00:00+00:00,SPX,2025-10-13,6667.91,RANGE,ABORTED,0.0,-1556.0306384774863,0.0,-1549.142638477485,0.0,-1549.142638477485,-1556.0306384774863,0.0,False,0
2025-10-14T17:30:00+00:00,SPX,2025-10-13,6669.19,RANGE,ABORTED,0.0,-1556.0306384774863,0.0,-1549.142638477485,0.0,-1549.142638477485,-1556.0306384774863,0.0,False,0
2025-10-14T18:00:00+00:00,SPX,2025-10-13,6671.98,RANGE,ABORTED,0.0,-1556.0306384774863,0.0,-1549.142638477485,0.0,-1549.142638477485,-1556.0306384774863,0.0,False,0
2025-10-14T18:30:00+00:00,SPX,2025-10-13,6673.08,RANGE,ABORTED,0.0,-1556.0306384774863,0.0,-1549.142638477485,0.0,-1549.142638477485,-1556.0306384774863,0.0,False,0
2025-10-14T19:00:00+00:00,SPX,2025-10-13,6673.69,RANGE,ABORTED,0.0,-1556.0306384774863,0.0,-1549.142638477485,0.0,-1549.142638477485,-1556.0306384774863,0.0,False,0
2025-10-14T19:30:00+00:00,SPX,2025-10-13,6665.79,RANGE,ABORTED,0.0,-1556.0306384774863,0.0,-1549.142638477485,0.0,-1549.142638477485,-1556.0306384774863,0.0,False,0
2025-10-14T20:00:00+00:00,SPX,2025-10-13,6643.91,RANGE,ABORTED,0.0,-1556.0306384774863,0.0,-1549.142638477485,0.0,-1549.142638477485,-1556.0306384774863,0.0,False,0
2025-10-15T13:30:00+00:00,SPX,2025-10-13,6689.37,RANGE,ABORTED,0.0,-1556.0306384774863,0.0,-1549.142638477485,0.0,-1549.142638477485,-1556.0306384774863,0.0,False,0
2025-10-15T14:00:00+00:00,SPX,2025-10-13,6711.39,RANGE,ABORTED,0.0,-1556.0306384774863,0.0,-1549.142638477485,0.0,-1549.142638477485,-1556.0306384774863,0.0,False,0
2025-10-15T14:30:00+00:00,SPX,2025-10-13,6716.38,RANGE,ABORTED,0.0,-1556.0306384774863,0.0,-1549.142638477485,0.0,-1549.142638477485,-1556.0306384774863,0.0,False,0
2025-10-15T15:00:00+00:00,SPX,2025-10-13,6709.33,RANGE,ABORTED,0.0,-1556.0306384774863,0.0,-1549.142638477485,0.0,-1549.142638477485,-1556.0306384774863,0.0,False,0
2025-10-15T15:30:00+00:00,SPX,2025-10-13,6689.64,RANGE,ABORTED,0.0,-1556.0306384774863,0.0,-1549.142638477485,0.0,-1549.142638477485,-1556.0306384774863,0.0,False,0
2025-10-15T16:00:00+00:00,SPX,2025-10-13,6676.19,RANGE,ABORTED,0.0,-1556.0306384774863,0.0,-1549.142638477485,0.0,-1549.142638477485,-1556.0306384774863,0.0,False,0
2025-10-15T16:30:00+00:00,SPX,2025-10-13,6672.8,RANGE,ABORTED,0.0,-1556.0306384774863,0.0,-1549.142638477485,0.0,-1549.142638477485,-1556.0306384774863,0.0,False,0
2025-10-15T17:00:00+00:00,SPX,2025-10-13,6651.36,RANGE,ABORTED,0.0,-1556.0306384774863,0.0,-1549.142638477485,0.0,-1549.142638477485,-1556.0306384774863,0.0,False,0
2025-10-15T17:30:00+00:00,SPX,2025-10-13,6639.66,RANGE,ABORTED,0.0,-1556.0306384774863,0.0,-1549.142638477485,0.0,-1549.142638477485,-1556.0306384774863,0.0,False,0
2025-10-15T18:00:00+00:00,SPX,2025-10-13,6659.34,RANGE,ABORTED,0.0,-1556.0306384774863,0.0,-1549.142638477485,0.0,-1549.142638477485,-1556.0306384774863,0.0,False,0
2025-10-15T18:30:00+00:00,SPX,2025-10-13,6671.15,RANGE,ABORTED,0.0,-1556.0306384774863,0.0,-1549.142638477485,0.0,-1549.142638477485,-1556.0306384774863,0.0,False,0
2025-10-15T19:00:00+00:00,SPX,2025-10-13,6675.63,RANGE,ABORTED,0.0,-1556.0306384774863,0.0,-1549.142638477485,0.0,-1549.142638477485,-1556.0306384774863,0.0,False,0
2025-10-15T19:30:00+00:00,SPX,2025-10-13,6674.42,RANGE,ABORTED,0.0,-1556.0306384774863,0.0,-1549.142638477485,0.0,-1549.142638477485,-1556.0306384774863,0.0,False,0
2025-10-15T20:00:00+00:00,SPX,2025-10-13,6671.5,RANGE,ABORTED,0.0,-1556.0306384774863,0.0,-1549.142638477485,0.0,-1549.142638477485,-1556.0306384774863,0.0,False,0
2025-10-16T13:30:00+00:00,SPX,2025-10-13,6692.65,RANGE,ABORTED,0.0,-1556.0306384774863,0.0,-1549.142638477485,0.0,-1549.142638477485,-1556.0306384774863,0.0,False,0
2025-10-16T14:00:00+00:00,SPX,2025-10-13,6688.83,RANGE,ABORTED,0.0,-1556.0306384774863,0.0,-1549.142638477485,0.0,-1549.142638477485,-1556.0306384774863,0.0,False,0
2025-10-16T14:30:00+00:00,SPX,2025-10-13,6695.86,RANGE,ABORTED,0.0,-1556.0306384774863,0.0,-1549.142638477485,0.0,-1549.142638477485,-1556.0306384774863,0.0,False,0
2025-10-16T15:00:00+00:00,SPX,2025-10-13,6694.42,RANGE,ABORTED,0.0,-1556.0306384774863,0.0,-1549.142638477485,0.0,-1549.142638477485,-1556.0306384774863,0.0,False,0
2025-10-16T15:30:00+00:00,SPX,2025-10-13,6686.13,RANGE,ABORTED,0.0,-1556.0306384774863,0.0,-1549.142638477485,0.0,-1549.142638477485,-1556.0306384774863,0.0,False,0
2025-10-16T16:00:00+00:00,SPX,2025-10-13,6666.77,RANGE,ABORTED,0.0,-1556.0306384774863,0.0,-1549.142638477485,0.0,-1549.142638477485,-1556.0306384774863,0.0,False,0
2025-10-16T16:30:00+00:00,SPX,2025-10-13,6622.12,RANGE,ABORTED,0.0,-1556.0306384774863,0.0,-1549.142638477485,0.0,-1549.142638477485,-1556.0306384774863,0.0,False,0
2025-10-16T17:00:00+00:00,SPX,2025-10-13,6642.06,RANGE,ABORTED,0.0,-1556.0306384774863,0.0,-1549.142638477485,0.0,-1549.142638477485,-1556.0306384774863,0.0,False,0
2025-10-16T17:30:00+00:00,SPX,2025-10-13,6655.15,RANGE,ABORTED,0.0,-1556.0306384774863,0.0,-1549.142638477485,0.0,-1549.142638477485,-1556.0306384774863,0.0,False,0
2025-10-16T18:00:00+00:00,SPX,2025-10-13,6624.81,RANGE,ABORTED,0.0,-1556.0306384774863,0.0,-1549.142638477485,0.0,-1549.142638477485,-1556.0306384774863,0.0,False,0
2025-10-16T18:30:00+00:00,SPX,2025-10-13,6595.36,TREND_DOWN,ABORTED,0.0,-1556.0306384774863,0.0,-1549.142638477485,0.0,-1549.142638477485,-1556.0306384774863,0.0,False,0
2025-10-16T19:00:00+00:00,SPX,2025-10-13,6623.2,RANGE,ABORTED,0.0,-1556.0306384774863,0.0,-1549.142638477485,0.0,-1549.142638477485,-1556.0306384774863,0.0,False,0
2025-10-16T19:30:00+00:00,SPX,2025-10-13,6608.2,RANGE,ABORTED,0.0,-1556.0306384774863,0.0,-1549.142638477485,0.0,-1549.142638477485,-1556.0306384774863,0.0,False,0
2025-10-16T20:00:00+00:00,SPX,2025-10-13,6629.0,RANGE,ABORTED,0.0,-1556.0306384774863,0.0,-1549.142638477485,0.0,-1549.142638477485,-1556.0306384774863,0.0,False,0
2025-10-17T13:30:00+00:00,SPX,2025-10-13,6624.29,RANGE,ABORTED,0.0,-1556.0306384774863,0.0,-1549.142638477485,0.0,-1549.142638477485,-1556.0306384774863,0.0,False,0
2025-10-17T14:00:00+00:00,SPX,2025-10-13,6631.72,RANGE,ABORTED,0.0,-1556.0306384774863,0.0,-1549.142638477485,0.0,-1549.142638477485,-1556.0306384774863,0.0,False,0
2025-10-17T14:30:00+00:00,SPX,2025-10-13,6634.14,RANGE,ABORTED,0.0,-1556.0306384774863,0.0,-1549.142638477485,0.0,-1549.142638477485,-1556.0306384774863,0.0,False,0
2025-10-17T15:00:00+00:00,SPX,2025-10-13,6631.35,RANGE,ABORTED,0.0,-1556.0306384774863,0.0,-1549.142638477485,0.0,-1549.142638477485,-1556.0306384774863,0.0,False,0
2025-10-17T15:30:00+00:00,SPX,2025-10-13,6611.37,RANGE,ABORTED,0.0,-1556.0306384774863,0.0,-1549.142638477485,0.0,-1549.142638477485,-1556.0306384774863,0.0,False,0
2025-10-17T16:00:00+00:00,SPX,2025-10-13,6648.8,RANGE,ABORTED,0.0,-1556.0306384774863,0.0,-1549.142638477485,0.0,-1549.142638477485,-1556.0306384774863,0.0,False,0
2025-10-17T16:30:00+00:00,SPX,2025-10-13,6650.43,RANGE,ABORTED,0.0,-1556.0306384774863,0.0,-1549.142638477485,0.0,-1549.142638477485,-1556.0306384774863,0.0,False,0
2025-10-17T17:00:00+00:00,SPX,2025-10-13,6637.41,RANGE,ABORTED,0.0,-1556.0306384774863,0.0,-1549.142638477485,0.0,-1549.142638477485,-1556.0306384774863,0.0,False,0
2025-10-17T17:30:00+00:00,SPX,2025-10-13,6642.17,RANGE,ABORTED,0.0,-1556.0306384774863,0.0,-1549.142638477485,0.0,-1549.142638477485,-1556.0306384774863,0.0,False,0
2025-10-17T18:00:00+00:00,SPX,2025-10-13,6653.78,RANGE,ABORTED,0.0,-1556.0306384774863,0.0,-1549.142638477485,0.0,-1549.142638477485,-1556.0306384774863,0.0,False,0
2025-10-17T18:30:00+00:00,SPX,2025-10-13,6667.73,RANGE,ABORTED,0.0,-1556.0306384774863,0.0,-1549.142638477485,0.0,-1549.142638477485,-1556.0306384774863,0.0,False,0
2025-10-17T19:00:00+00:00,SPX,2025-10-13,6669.58,RANGE,ABORTED,0.0,-1556.0306384774863,0.0,-1549.142638477485,0.0,-1549.142638477485,-1556.0306384774863,0.0,False,0
2025-10-17T19:30:00+00:00,SPX,2025-10-13,6669.59,RANGE,ABORTED,0.0,-1556.0306384774863,0.0,-1549.142638477485,0.0,-1549.142638477485,-1556.0306384774863,0.0,False,0
2025-10-17T20:00:00+00:00,SPX,2025-10-13,6662.91,RANGE,ABORTED,0.0,-1556.0306384774863,0.0,-1549.142638477485,0.0,-1549.142638477485,-1556.0306384774863,0.0,False,0
2025-10-20T13:30:00+00:00,SPX,2025-10-20,6706.68,RANGE,IDLE,0.0,-1556.0306384774863,0.0,-1549.142638477485,0.0,-1549.142638477485,-1556.0306384774863,0.0,False,0
2025-10-20T14:00:00+00:00,SPX,2025-10-20,6715.26,RANGE,ACTIVE,-82.66800000000012,-1556.0306384774863,-82.668,-1549.142638477485,-82.5,-1631.642638477485,-1638.6986384774864,82.668,False,3
2025-10-20T14:30:00+00:00,SPX,2025-10-20,6721.19,RANGE,ADJUSTED,15.655559235555756,-1556.0306384774863,-67.01244076444442,-1549.142638477485,-66.78844076444442,-1615.9310792419294,-1623.0430792419306,110.224,True,4
2025-10-20T15:00:00+00:00,SPX,2025-10-20,6731.87,RANGE,ADJUSTED,-0.6435371867901267,-1556.0306384774863,-67.65597795123456,-1549.142638477485,-67.43197795123456,-1616.5746164287195,-1623.6866164287208,110.224,True,4
2025-10-20T15:30:00+00:00,SPX,2025-10-20,6731.03,RANGE,ADJUSTED,0.1631054591357497,-1556.0306384774863,-67.49287249209875,-1549.142638477485,-67.26887249209875,-1616.4115109695838,-1623.523510969585,110.224,True,4
2025-10-20T16:00:00+00:00,SPX,2025-10-20,6727.83,RANGE,ADJUSTED,0.33244328876548934,-1556.0306384774863,-67.16042920333334,-1549.142638477485,-66.93642920333332,-1616.0790676808183,-1623.1910676808195,110.224,True,4
2025-10-20T16:30:00+00:00,SPX,2025-10-20,6728.02,RANGE,ADJUSTED,0.0918339549382381,-1556.0306384774863,-67.0685952483951,-1549.142638477485,-66.84459524839508,-1615.98723372588,-1623.0992337258813,110.224,True,4
2025-10-20T17:00:00+00:00,SPX,2025-10-20,6738.13,RANGE,ADJUSTED,-0.6263508058025309,-1556.0306384774863,-67.69494605419754,-1549.142638477485,-67.47094605419754,-1616.6135845316826,-1623.7255845316838,110.224,True,4
2025-10-20T17:30:00+00:00,SPX,2025-10-20,6739.03,TREND_UP,ABORTED,-0.02108803839519169,-1623.746672570079,0.0,-1616.5786725700775,0.0,-1616.5786725700775,-1623.746672570079,0.0,False,0
2025-10-20T18:00:00+00:00,SPX,2025-10-20,6742.96,TREND_UP,ABORTED,0.0,-1623.746672570079,0.0,-1616.5786725700775,0.0,-1616.5786725700775,-1623.746672570079,0.0,False,0
2025-10-20T18:30:00+00:00,SPX,2025-10-20,6740.3,RANGE,ABORTED,0.0,-1623.746672570079,0.0,-1616.5786725700775,0.0,-1616.5786725700775,-1623.746672570079,0.0,False,0
2025-10-20T19:00:00+00:00,SPX,2025-10-20,6740.44,RANGE,ABORTED,0.0,-1623.746672570079,0.0,-1616.5786725700775,0.0,-1616.5786725700775,-1623.746672570079,0.0,False,0
2025-10-20T19:30:00+00:00,SPX,2025-10-20,6739.04,RANGE,ABORTED,0.0,-1623.746672570079,0.0,-1616.5786725700775,0.0,-1616.5786725700775,-1623.746672570079,0.0,False,0
2025-10-20T20:00:00+00:00,SPX,2025-10-20,6734.77,RANGE,ABORTED,0.0,-1623.746672570079,0.0,-1616.5786725700775,0.0,-1616.5786725700775,-1623.746672570079,0.0,False,0
2025-10-21T13:30:00+00:00,SPX,2025-10-20,6738.75,RANGE,ABORTED,0.0,-1623.746672570079,0.0,-1616.5786725700775,0.0,-1616.5786725700775,-1623.746672570079,0.0,False,0
2025-10-21T14:00:00+00:00,SPX,2025-10-20,6724.02,RANGE,ABORTED,0.0,-1623.746672570079,0.0,-1616.5786725700775,0.0,-1616.5786725700775,-1623.746672570079,0.0,False,0
2025-10-21T14:30:00+00:00,SPX,2025-10-20,6730.53,RANGE,ABORTED,0.0,-1623.746672570079,0.0,-1616.5786725700775,0.0,-1616.5786725700775,-1623.746672570079,0.0,False,0
2025-10-21T15:00:00+00:00,SPX,2025-10-20,6745.03,RANGE,ABORTED,0.0,-1623.746672570079,0.0,-1616.5786725700775,0.0,-1616.5786725700775,-1623.746672570079,0.0,False,0
2025-10-21T15:30:00+00:00,SPX,2025-10-20,6742.67,RANGE,ABORTED,0.0,-1623.746672570079,0.0,-1616.5786725700775,0.0,-1616.5786725700775,-1623.746672570079,0.0,False,0
2025-10-21T16:00:00+00:00,SPX,2025-10-20,6746.77,RANGE,ABORTED,0.0,-1623.746672570079,0.0,-1616.5786725700775,0.0,-1616.5786725700775,-1623.746672570079,0.0,False,0
2025-10-21T16:30:00+00:00,SPX,2025-10-20,6749.96,RANGE,ABORTED,0.0,-1623.746672570079,0.0,-1616.5786725700775,0.0,-1616.5786725700775,-1623.746672570079,0.0,False,0
2025-10-21T17:00:00+00:00,SPX,2025-10-20,6733.83,RANGE,ABORTED,0.0,-1623.746672570079,0.0,-1616.5786725700775,0.0,-1616.5786725700775,-1623.746672570079,0.0,False,0
2025-10-21T17:30:00+00:00,SPX,2025-10-20,6737.93,RANGE,ABORTED,0.0,-1623.746672570079,0.0,-1616.5786725700775,0.0,-1616.5786725700775,-1623.746672570079,0.0,False,0
2025-10-21T18:00:00+00:00,SPX,2025-10-20,6745.59,RANGE,ABORTED,0.0,-1623.746672570079,0.0,-1616.5786725700775,0.0,-1616.5786725700775,-1623.746672570079,0.0,False,0
2025-10-21T18:30:00+00:00,SPX,2025-10-20,6745.61,RANGE,ABORTED,0.0,-1623.746672570079,0.0,-1616.5786725700775,0.0,-1616.5786725700775,-1623.746672570079,0.0,False,0
2025-10-21T19:00:00+00:00,SPX,2025-10-20,6740.16,RANGE,ABORTED,0.0,-1623.746672570079,0.0,-1616.5786725700775,0.0,-1616.5786725700775,-1623.746672570079,0.0,False,0
2025-10-21T19:30:00+00:00,SPX,2025-10-20,6740.24,RANGE,ABORTED,0.0,-1623.746672570079,0.0,-1616.5786725700775,0.0,-1616.5786725700775,-1623.746672570079,0.0,False,0
2025-10-21T20:00:00+00:00,SPX,2025-10-20,6734.76,RANGE,ABORTED,0.0,-1623.746672570079,0.0,-1616.5786725700775,0.0,-1616.5786725700775,-1623.746672570079,0.0,False,0
2025-10-22T13:30:00+00:00,SPX,2025-10-20,6729.45,RANGE,ABORTED,0.0,-1623.746672570079,0.0,-1616.5786725700775,0.0,-1616.5786725700775,-1623.746672570079,0.0,False,0
2025-10-22T14:00:00+00:00,SPX,2025-10-20,6734.98,RANGE,ABORTED,0.0,-1623.746672570079,0.0,-1616.5786725700775,0.0,-1616.5786725700775,-1623.746672570079,0.0,False,0
2025-10-22T14:30:00+00:00,SPX,2025-10-20,6714.87,RANGE,ABORTED,0.0,-1623.746672570079,0.0,-1616.5786725700775,0.0,-1616.5786725700775,-1623.746672570079,0.0,False,0
2025-10-22T15:00:00+00:00,SPX,2025-10-20,6724.54,RANGE,ABORTED,0.0,-1623.746672570079,0.0,-1616.5786725700775,0.0,-1616.5786725700775,-1623.746672570079,0.0,False,0
2025-10-22T15:30:00+00:00,SPX,2025-10-20,6701.15,RANGE,ABORTED,0.0,-1623.746672570079,0.0,-1616.5786725700775,0.0,-1616.5786725700775,-1623.746672570079,0.0,False,0
2025-10-22T16:00:00+00:00,SPX,2025-10-20,6706.75,RANGE,ABORTED,0.0,-1623.746672570079,0.0,-1616.5786725700775,0.0,-1616.5786725700775,-1623.746672570079,0.0,False,0
2025-10-22T16:30:00+00:00,SPX,2025-10-20,6688.88,RANGE,ABORTED,0.0,-1623.746672570079,0.0,-1616.5786725700775,0.0,-1616.5786725700775,-1623.746672570079,0.0,False,0
2025-10-22T17:00:00+00:00,SPX,2025-10-20,6689.64,RANGE,ABORTED,0.0,-1623.746672570079,0.0,-1616.5786725700775,0.0,-1616.5786725700775,-1623.746672570079,0.0,False,0
2025-10-22T17:30:00+00:00,SPX,2025-10-20,6677.48,RANGE,ABORTED,0.0,-1623.746672570079,0.0,-1616.5786725700775,0.0,-1616.5786725700775,-1623.746672570079,0.0,False,0
2025-10-22T18:00:00+00:00,SPX,2025-10-20,6670.88,RANGE,ABORTED,0.0,-1623.746672570079,0.0,-1616.5786725700775,0.0,-1616.5786725700775,-1623.746672570079,0.0,False,0
2025-10-22T18:30:00+00:00,SPX,2025-10-20,6678.36,RANGE,ABORTED,0.0,-1623.746672570079,0.0,-1616.5786725700775,0.0,-1616.5786725700775,-1623.746672570079,0.0,False,0
2025-10-22T19:00:00+00:00,SPX,2025-10-20,6684.72,RANGE,ABORTED,0.0,-1623.746672570079,0.0,-1616.5786725700775,0.0,-1616.5786725700775,-1623.746672570079,0.0,False,0
2025-10-22T19:30:00+00:00,SPX,2025-10-20,6698.86,RANGE,ABORTED,0.0,-1623.746672570079,0.0,-1616.5786725700775,0.0,-1616.5786725700775,-1623.746672570079,0.0,False,0
2025-10-22T20:00:00+00:00,SPX,2025-10-20,6699.78,RANGE,ABORTED,0.0,-1623.746672570079,0.0,-1616.5786725700775,0.0,-1616.5786725700775,-1623.746672570079,0.0,False,0
2025-10-23T13:30:00+00:00,SPX,2025-10-20,6707.36,RANGE,ABORTED,0.0,-1623.746672570079,0.0,-1616.5786725700775,0.0,-1616.5786725700775,-1623.746672570079,0.0,False,0
2025-10-23T14:00:00+00:00,SPX,2025-10-20,6720.94,RANGE,ABORTED,0.0,-1623.746672570079,0.0,-1616.5786725700775,0.0,-1616.5786725700775,-1623.746672570079,0.0,False,0
2025-10-23T14:30:00+00:00,SPX,2025-10-20,6716.62,RANGE,ABORTED,0.0,-1623.746672570079,0.0,-1616.5786725700775,0.0,-1616.5786725700775,-1623.746672570079,0.0,False,0
2025-10-23T15:00:00+00:00,SPX,2025-10-20,6722.39,RANGE,ABORTED,0.0,-1623.746672570079,0.0,-1616.5786725700775,0.0,-1616.5786725700775,-1623.746672570079,0.0,False,0
2025-10-23T15:30:00+00:00,SPX,2025-10-20,6724.03,RANGE,ABORTED,0.0,-1623.746672570079,0.0,-1616.5786725700775,0.0,-1616.5786725700775,-1623.746672570079,0.0,False,0
2025-10-23T16:00:00+00:00,SPX,2025-10-20,6726.8,RANGE,ABORTED,0.0,-1623.746672570079,0.0,-1616.5786725700775,0.0,-1616.5786725700775,-1623.746672570079,0.0,False,0
2025-10-23T16:30:00+00:00,SPX,2025-10-20,6730.0,RANGE,ABORTED,0.0,-1623.746672570079,0.0,-1616.5786725700775,0.0,-1616.5786725700775,-1623.746672570079,0.0,False,0
2025-10-23T17:00:00+00:00,SPX,2025-10-20,6737.47,RANGE,ABORTED,0.0,-1623.746672570079,0.0,-1616.5786725700775,0.0,-1616.5786725700775,-1623.746672570079,0.0,False,0
2025-10-23T17:30:00+00:00,SPX,2025-10-20,6736.09,RANGE,ABORTED,0.0,-1623.746672570079,0.0,-1616.5786725700775,0.0,-1616.5786725700775,-1623.746672570079,0.0,False,0
2025-10-23T18:00:00+00:00,SPX,2025-10-20,6744.91,RANGE,ABORTED,0.0,-1623.746672570079,0.0,-1616.5786725700775,0.0,-1616.5786725700775,-1623.746672570079,0.0,False,0
2025-10-23T18:30:00+00:00,SPX,2025-10-20,6747.56,RANGE,ABORTED,0.0,-1623.746672570079,0.0,-1616.5786725700775,0.0,-1616.5786725700775,-1623.746672570079,0.0,False,0
2025-10-23T19:00:00+00:00,SPX,2025-10-20,6748.52,RANGE,ABORTED,0.0,-1623.746672570079,0.0,-1616.5786725700775,0.0,-1616.5786725700775,-1623.746672570079,0.0,False,0
2025-10-23T19:30:00+00:00,SPX,2025-10-20,6745.08,RANGE,ABORTED,0.0,-1623.746672570079,0.0,-1616.5786725700775,0.0,-1616.5786725700775,-1623.746672570079,0.0,False,0
2025-10-23T20:00:00+00:00,SPX,2025-10-20,6738.17,RANGE,ABORTED,0.0,-1623.746672570079,0.0,-1616.5786725700775,0.0,-1616.5786725700775,-1623.746672570079,0.0,False,0
2025-10-24T13:30:00+00:00,SPX,2025-10-20,6789.76,TREND_UP,ABORTED,0.0,-1623.746672570079,0.0,-1616.5786725700775,0.0,-1616.5786725700775,-1623.746672570079,0.0,False,0
2025-10-24T14:00:00+00:00,SPX,2025-10-20,6795.74,TREND_UP,ABORTED,0.0,-1623.746672570079,0.0,-1616.5786725700775,0.0,-1616.5786725700775,-1623.746672570079,0.0,False,0
2025-10-24T14:30:00+00:00,SPX,2025-10-20,6790.14,TREND_UP,ABORTED,0.0,-1623.746672570079,0.0,-1616.5786725700775,0.0,-1616.5786725700775,-1623.746672570079,0.0,False,0
2025-10-24T15:00:00+00:00,SPX,2025-10-20,6789.51,TREND_UP,ABORTED,0.0,-1623.746672570079,0.0,-1616.5786725700775,0.0,-1616.5786725700775,-1623.746672570079,0.0,False,0
2025-10-24T15:30:00+00:00,SPX,2025-10-20,6803.9,TREND_UP,ABORTED,0.0,-1623.746672570079,0.0,-1616.5786725700775,0.0,-1616.5786725700775,-1623.746672570079,0.0,False,0
2025-10-24T16:00:00+00:00,SPX,2025-10-20,6804.09,RANGE,ABORTED,0.0,-1623.746672570079,0.0,-1616.5786725700775,0.0,-1616.5786725700775,-1623.746672570079,0.0,False,0
2025-10-24T16:30:00+00:00,SPX,2025-10-20,6799.82,RANGE,ABORTED,0.0,-1623.746672570079,0.0,-1616.5786725700775,0.0,-1616.5786725700775,-1623.746672570079,0.0,False,0
2025-10-24T17:00:00+00:00,SPX,2025-10-20,6802.65,TREND_UP,ABORTED,0.0,-1623.746672570079,0.0,-1616.5786725700775,0.0,-1616.5786725700775,-1623.746672570079,0.0,False,0
2025-10-24T17:30:00+00:00,SPX,2025-10-20,6803.98,RANGE,ABORTED,0.0,-1623.746672570079,0.0,-1616.5786725700775,0.0,-1616.5786725700775,-1623.746672570079,0.0,False,0
2025-10-24T18:00:00+00:00,SPX,2025-10-20,6802.54,RANGE,ABORTED,0.0,-1623.746672570079,0.0,-1616.5786725700775,0.0,-1616.5786725700775,-1623.746672570079,0.0,False,0
2025-10-24T18:30:00+00:00,SPX,2025-10-20,6804.35,RANGE,ABORTED,0.0,-1623.746672570079,0.0,-1616.5786725700775,0.0,-1616.5786725700775,-1623.746672570079,0.0,False,0
2025-10-24T19:00:00+00:00,SPX,2025-10-20,6806.06,RANGE,ABORTED,0.0,-1623.746672570079,0.0,-1616.5786725700775,0.0,-1616.5786725700775,-1623.746672570079,0.0,False,0
2025-10-24T19:30:00+00:00,SPX,2025-10-20,6803.38,RANGE,ABORTED,0.0,-1623.746672570079,0.0,-1616.5786725700775,0.0,-1616.5786725700775,-1623.746672570079,0.0,False,0
2025-10-24T20:00:00+00:00,SPX,2025-10-20,6791.14,RANGE,ABORTED,0.0,-1623.746672570079,0.0,-1616.5786725700775,0.0,-1616.5786725700775,-1623.746672570079,0.0,False,0
2025-10-27T13:30:00+00:00,SPX,2025-10-27,6849.21,TREND_UP,IDLE,0.0,-1623.746672570079,0.0,-1616.5786725700775,0.0,-1616.5786725700775,-1623.746672570079,0.0,False,0
2025-10-27T14:00:00+00:00,SPX,2025-10-27,6856.46,RANGE,ACTIVE,-82.66799999999989,-1623.746672570079,-82.668,-1616.5786725700775,-82.5,-1699.0786725700775,-1706.414672570079,82.668,False,3
2025-10-27T14:30:00+00:00,SPX,2025-10-27,6852.96,RANGE,ADJUSTED,15.59610154666666,-1623.746672570079,-67.07189845333333,-1616.5786725700775,-66.84789845333333,-1683.4265710234108,-1690.8185710234122,110.224,True,4
2025-10-27T15:00:00+00:00,SPX,2025-10-27,6850.57,RANGE,ADJUSTED,-0.06003574975329684,-1623.746672570079,-67.13193420308644,-1616.5786725700775,-66.90793420308644,-1683.4866067731639,-1690.8786067731655,110.224,True,4
2025-10-27T15:30:00+00:00,SPX,2025-10-27,6857.3,RANGE,ADJUSTED,0.2582086154322951,-1623.746672570079,-66.87372558765433,-1616.5786725700775,-66.64972558765433,-1683.2283981577318,-1690.6203981577332,110.224,True,4
2025-10-27T16:00:00+00:00,SPX,2025-10-27,6859.02,RANGE,ADJUSTED,-0.014640970123537045,-1623.746672570079,-66.88836655777781,-1616.5786725700775,-66.66436655777781,-1683.2430391278554,-1690.6350391278568,110.224,True,4
2025-10-27T16:30:00+00:00,SPX,2025-10-27,6859.11,RANGE,ADJUSTED,0.10087404962973778,-1623.746672570079,-66.78749250814813,-1616.5786725700775,-66.56349250814813,-1683.1421650782256,-1690.534165078227,110.224,True,4
2025-10-27T17:00:00+00:00,SPX,2025-10-27,6860.45,RANGE,ADJUSTED,0.010312800123301713,-1623.746672570079,-66.77717970802468,-1616.5786725700775,-66.55317970802467,-1683.131852278102,-1690.5238522781037,110.224,True,4
2025-10-27T17:30:00+00:00,SPX,2025-10-27,6858.12,RANGE,ADJUSTED,0.2764248191358547,-1623.746672570079,-66.50075488888888,-1616.5786725700775,-66.27675488888887,-1682.8554274589665,-1690.2474274589679,110.224,True,4
2025-10-27T18:00:00+00:00,SPX,2025-10-27,6861.68,TREND_UP,ABORTED,-0.20934643160512678,-1690.456773890573,0.0,-1683.0087738905713,0.0,-1683.0087738905713,-1690.456773890573,0.0,False,0
2025-10-27T18:30:00+00:00,SPX,2025-10-27,6862.16,RANGE,ABORTED,0.0,-1690.456773890573,0.0,-1683.0087738905713,0.0,-1683.0087738905713,-1690.456773890573,0.0,False,0
2025-10-27T19:00:00+00:00,SPX,2025-10-27,6862.95,RANGE,ABORTED,0.0,-1690.456773890573,0.0,-1683.0087738905713,0.0,-1683.0087738905713,-1690.456773890573,0.0,False,0
2025-10-27T19:30:00+00:00,SPX,2025-10-27,6865.99,RANGE,ABORTED,0.0,-1690.456773890573,0.0,-1683.0087738905713,0.0,-1683.0087738905713,-1690.456773890573,0.0,False,0
2025-10-27T20:00:00+00:00,SPX,2025-10-27,6874.5,RANGE,ABORTED,0.0,-1690.456773890573,0.0,-1683.0087738905713,0.0,-1683.0087738905713,-1690.456773890573,0.0,False,0
2025-10-28T13:30:00+00:00,SPX,2025-10-27,6890.25,TREND_UP,ABORTED,0.0,-1690.456773890573,0.0,-1683.0087738905713,0.0,-1683.0087738905713,-1690.456773890573,0.0,False,0
2025-10-28T14:00:00+00:00,SPX,2025-10-27,6881.48,TREND_UP,ABORTED,0.0,-1690.456773890573,0.0,-1683.0087738905713,0.0,-1683.0087738905713,-1690.456773890573,0.0,False,0
2025-10-28T14:30:00+00:00,SPX,2025-10-27,6882.64,TREND_UP,ABORTED,0.0,-1690.456773890573,0.0,-1683.0087738905713,0.0,-1683.0087738905713,-1690.456773890573,0.0,False,0
2025-10-28T15:00:00+00:00,SPX,2025-10-27,6880.95,RANGE,ABORTED,0.0,-1690.456773890573,0.0,-1683.0087738905713,0.0,-1683.0087738905713,-1690.456773890573,0.0,False,0
2025-10-28T15:30:00+00:00,SPX,2025-10-27,6874.39,RANGE,ABORTED,0.0,-1690.456773890573,0.0,-1683.0087738905713,0.0,-1683.0087738905713,-1690.456773890573,0.0,False,0
2025-10-28T16:00:00+00:00,SPX,2025-10-27,6879.38,TREND_UP,ABORTED,0.0,-1690.456773890573,0.0,-1683.0087738905713,0.0,-1683.0087738905713,-1690.456773890573,0.0,False,0
2025-10-28T16:30:00+00:00,SPX,2025-10-27,6888.76,TREND_UP,ABORTED,0.0,-1690.456773890573,0.0,-1683.0087738905713,0.0,-1683.0087738905713,-1690.456773890573,0.0,False,0
2025-10-28T17:00:00+00:00,SPX,2025-10-27,6894.76,TREND_UP,ABORTED,0.0,-1690.456773890573,0.0,-1683.0087738905713,0.0,-1683.0087738905713,-1690.456773890573,0.0,False,0
2025-10-28T17:30:00+00:00,SPX,2025-10-27,6893.79,TREND_UP,ABORTED,0.0,-1690.456773890573,0.0,-1683.0087738905713,0.0,-1683.0087738905713,-1690.456773890573,0.0,False,0
2025-10-28T18:00:00+00:00,SPX,2025-10-27,6899.32,TREND_UP,ABORTED,0.0,-1690.456773890573,0.0,-1683.0087738905713,0.0,-1683.0087738905713,-1690.456773890573,0.0,False,0
2025-10-28T18:30:00+00:00,SPX,2025-10-27,6902.68,TREND_UP,ABORTED,0.0,-1690.456773890573,0.0,-1683.0087738905713,0.0,-1683.0087738905713,-1690.456773890573,0.0,False,0
2025-10-28T19:00:00+00:00,SPX,2025-10-27,6902.83,TREND_UP,ABORTED,0.0,-1690.456773890573,0.0,-1683.0087738905713,0.0,-1683.0087738905713,-1690.456773890573,0.0,False,0
2025-10-28T19:30:00+00:00,SPX,2025-10-27,6908.22,TREND_UP,ABORTED,0.0,-1690.456773890573,0.0,-1683.0087738905713,0.0,-1683.0087738905713,-1690.456773890573,0.0,False,0
2025-10-28T20:00:00+00:00,SPX,2025-10-27,6890.89,TREND_UP,ABORTED,0.0,-1690.456773890573,0.0,-1683.0087738905713,0.0,-1683.0087738905713,-1690.456773890573,0.0,False,0
2025-10-29T13:30:00+00:00,SPX,2025-10-27,6912.03,TREND_UP,ABORTED,0.0,-1690.456773890573,0.0,-1683.0087738905713,0.0,-1683.0087738905713,-1690.456773890573,0.0,False,0
2025-10-29T14:00:00+00:00,SPX,2025-10-27,6914.61,TREND_UP,ABORTED,0.0,-1690.456773890573,0.0,-1683.0087738905713,0.0,-1683.0087738905713,-1690.456773890573,0.0,False,0
2025-10-29T14:30:00+00:00,SPX,2025-10-27,6912.06,TREND_UP,ABORTED,0.0,-1690.456773890573,0.0,-1683.0087738905713,0.0,-1683.0087738905713,-1690.456773890573,0.0,False,0
2025-10-29T15:00:00+00:00,SPX,2025-10-27,6903.08,TREND_UP,ABORTED,0.0,-1690.456773890573,0.0,-1683.0087738905713,0.0,-1683.0087738905713,-1690.456773890573,0.0,False,0
2025-10-29T15:30:00+00:00,SPX,2025-10-27,6904.22,TREND_UP,ABORTED,0.0,-1690.456773890573,0.0,-1683.0087738905713,0.0,-1683.0087738905713,-1690.456773890573,0.0,False,0
2025-10-29T16:00:00+00:00,SPX,2025-10-27,6898.98,TREND_UP,ABORTED,0.0,-1690.456773890573,0.0,-1683.0087738905713,0.0,-1683.0087738905713,-1690.456773890573,0.0,False,0
2025-10-29T16:30:00+00:00,SPX,2025-10-27,6907.28,TREND_UP,ABORTED,0.0,-1690.456773890573,0.0,-1683.0087738905713,0.0,-1683.0087738905713,-1690.456773890573,0.0,False,0
2025-10-29T17:00:00+00:00,SPX,2025-10-27,6909.51,TREND_UP,ABORTED,0.0,-1690.456773890573,0.0,-1683.0087738905713,0.0,-1683.0087738905713,-1690.456773890573,0.0,False,0
2025-10-29T17:30:00+00:00,SPX,2025-10-27,6901.44,TREND_UP,ABORTED,0.0,-1690.456773890573,0.0,-1683.0087738905713,0.0,-1683.0087738905713,-1690.456773890573,0.0,False,0
2025-10-29T18:00:00+00:00,SPX,2025-10-27,6903.28,TREND_UP,ABORTED,0.0,-1690.456773890573,0.0,-1683.0087738905713,0.0,-1683.0087738905713,-1690.456773890573,0.0,False,0
2025-10-29T18:30:00+00:00,SPX,2025-10-27,6908.24,TREND_UP,ABORTED,0.0,-1690.456773890573,0.0,-1683.0087738905713,0.0,-1683.0087738905713,-1690.456773890573,0.0,False,0
2025-10-29T19:00:00+00:00,SPX,2025-10-27,6869.42,TREND_UP,ABORTED,0.0,-1690.456773890573,0.0,-1683.0087738905713,0.0,-1683.0087738905713,-1690.456773890573,0.0,False,0
2025-10-29T19:30:00+00:00,SPX,2025-10-27,6872.12,TREND_UP,ABORTED,0.0,-1690.456773890573,0.0,-1683.0087738905713,0.0,-1683.0087738905713,-1690.456773890573,0.0,False,0
2025-10-29T20:00:00+00:00,SPX,2025-10-27,6892.17,TREND_UP,ABORTED,0.0,-1690.456773890573,0.0,-1683.0087738905713,0.0,-1683.0087738905713,-1690.456773890573,0.0,False,0
2025-10-30T13:30:00+00:00,SPX,2025-10-27,6852.4,RANGE,ABORTED,0.0,-1690.456773890573,0.0,-1683.0087738905713,0.0,-1683.0087738905713,-1690.456773890573,0.0,False,0
2025-10-30T14:00:00+00:00,SPX,2025-10-27,6866.27,RANGE,ABORTED,0.0,-1690.456773890573,0.0,-1683.0087738905713,0.0,-1683.0087738905713,-1690.456773890573,0.0,False,0
2025-10-30T14:30:00+00:00,SPX,2025-10-27,6865.62,RANGE,ABORTED,0.0,-1690.456773890573,0.0,-1683.0087738905713,0.0,-1683.0087738905713,-1690.456773890573,0.0,False,0
2025-10-30T15:00:00+00:00,SPX,2025-10-27,6871.51,RANGE,ABORTED,0.0,-1690.456773890573,0.0,-1683.0087738905713,0.0,-1683.0087738905713,-1690.456773890573,0.0,False,0
2025-10-30T15:30:00+00:00,SPX,2025-10-27,6865.83,RANGE,ABORTED,0.0,-1690.456773890573,0.0,-1683.0087738905713,0.0,-1683.0087738905713,-1690.456773890573,0.0,False,0
2025-10-30T16:00:00+00:00,SPX,2025-10-27,6863.3,RANGE,ABORTED,0.0,-1690.456773890573,0.0,-1683.0087738905713,0.0,-1683.0087738905713,-1690.456773890573,0.0,False,0
2025-10-30T16:30:00+00:00,SPX,2025-10-27,6862.03,RANGE,ABORTED,0.0,-1690.456773890573,0.0,-1683.0087738905713,0.0,-1683.0087738905713,-1690.456773890573,0.0,False,0
2025-10-30T17:00:00+00:00,SPX,2025-10-27,6860.65,RANGE,ABORTED,0.0,-1690.456773890573,0.0,-1683.0087738905713,0.0,-1683.0087738905713,-1690.456773890573,0.0,False,0
2025-10-30T17:30:00+00:00,SPX,2025-10-27,6862.83,RANGE,ABORTED,0.0,-1690.456773890573,0.0,-1683.0087738905713,0.0,-1683.0087738905713,-1690.456773890573,0.0,False,0
2025-10-30T18:00:00+00:00,SPX,2025-10-27,6861.45,RANGE,ABORTED,0.0,-1690.456773890573,0.0,-1683.0087738905713,0.0,-1683.0087738905713,-1690.456773890573,0.0,False,0
2025-10-30T18:30:00+00:00,SPX,2025-10-27,6852.12,RANGE,ABORTED,0.0,-1690.456773890573,0.0,-1683.0087738905713,0.0,-1683.0087738905713,-1690.456773890573,0.0,False,0
2025-10-30T19:00:00+00:00,SPX,2025-10-27,6842.47,RANGE,ABORTED,0.0,-1690.456773890573,0.0,-1683.0087738905713,0.0,-1683.0087738905713,-1690.456773890573,0.0,False,0
2025-10-30T19:30:00+00:00,SPX,2025-10-27,6835.95,RANGE,ABORTED,0.0,-1690.456773890573,0.0,-1683.0087738905713,0.0,-1683.0087738905713,-1690.456773890573,0.0,False,0
2025-10-30T20:00:00+00:00,SPX,2025-10-27,6822.43,RANGE,ABORTED,0.0,-1690.456773890573,0.0,-1683.0087738905713,0.0,-1683.0087738905713,-1690.456773890573,0.0,False,0
2025-10-31T13:30:00+00:00,SPX,2025-10-27,6862.78,RANGE,ABORTED,0.0,-1690.456773890573,0.0,-1683.0087738905713,0.0,-1683.0087738905713,-1690.456773890573,0.0,False,0
2025-10-31T14:00:00+00:00,SPX,2025-10-27,6847.49,RANGE,ABORTED,0.0,-1690.456773890573,0.0,-1683.0087738905713,0.0,-1683.0087738905713,-1690.456773890573,0.0,False,0
2025-10-31T14:30:00+00:00,SPX,2025-10-27,6857.22,RANGE,ABORTED,0.0,-1690.456773890573,0.0,-1683.0087738905713,0.0,-1683.0087738905713,-1690.456773890573,0.0,False,0
2025-10-31T15:00:00+00:00,SPX,2025-10-27,6863.94,RANGE,ABORTED,0.0,-1690.456773890573,0.0,-1683.0087738905713,0.0,-1683.0087738905713,-1690.456773890573,0.0,False,0
2025-10-31T15:30:00+00:00,SPX,2025-10-27,6861.03,RANGE,ABORTED,0.0,-1690.456773890573,0.0,-1683.0087738905713,0.0,-1683.0087738905713,-1690.456773890573,0.0,False,0
2025-10-31T16:00:00+00:00,SPX,2025-10-27,6840.68,RANGE,ABORTED,0.0,-1690.456773890573,0.0,-1683.0087738905713,0.0,-1683.0087738905713,-1690.456773890573,0.0,False,0
2025-10-31T16:30:00+00:00,SPX,2025-10-27,6841.83,RANGE,ABORTED,0.0,-1690.456773890573,0.0,-1683.0087738905713,0.0,-1683.0087738905713,-1690.456773890573,0.0,False,0
2025-10-31T17:00:00+00:00,SPX,2025-10-27,6821.72,RANGE,ABORTED,0.0,-1690.456773890573,0.0,-1683.0087738905713,0.0,-1683.0087738905713,-1690.456773890573,0.0,False,0
2025-10-31T17:30:00+00:00,SPX,2025-10-27,6821.92,RANGE,ABORTED,0.0,-1690.456773890573,0.0,-1683.0087738905713,0.0,-1683.0087738905713,-1690.456773890573,0.0,False,0
2025-10-31T18:00:00+00:00,SPX,2025-10-27,6838.14,RANGE,ABORTED,0.0,-1690.456773890573,0.0,-1683.0087738905713,0.0,-1683.0087738905713,-1690.456773890573,0.0,False,0
2025-10-31T18:30:00+00:00,SPX,2025-10-27,6843.91,RANGE,ABORTED,0.0,-1690.456773890573,0.0,-1683.0087738905713,0.0,-1683.0087738905713,-1690.456773890573,0.0,False,0
2025-10-31T19:00:00+00:00,SPX,2025-10-27,6846.59,RANGE,ABORTED,0.0,-1690.456773890573,0.0,-1683.0087738905713,0.0,-1683.0087738905713,-1690.456773890573,0.0,False,0
2025-10-31T19:30:00+00:00,SPX,2025-10-27,6868.81,RANGE,ABORTED,0.0,-1690.456773890573,0.0,-1683.0087738905713,0.0,-1683.0087738905713,-1690.456773890573,0.0,False,0
2025-10-31T20:00:00+00:00,SPX,2025-10-27,6840.23,RANGE,ABORTED,0.0,-1690.456773890573,0.0,-1683.0087738905713,0.0,-1683.0087738905713,-1690.456773890573,0.0,False,0
2025-11-03T14:30:00+00:00,SPX,2025-11-03,6868.65,RANGE,IDLE,0.0,-1690.456773890573,0.0,-1683.0087738905713,0.0,-1683.0087738905713,-1690.456773890573,0.0,False,0
2025-11-03T15:00:00+00:00,SPX,2025-11-03,6842.96,RANGE,ACTIVE,-82.66800000000012,-1690.456773890573,-82.668,-1683.0087738905713,-82.5,-1765.5087738905713,-1773.1247738905731,82.668,False,3
2025-11-03T15:30:00+00:00,SPX,2025-11-03,6824.09,RANGE,ADJUSTED,15.675145297777817,-1690.456773890573,-66.99285470222222,-1683.0087738905713,-66.76885470222221,-1749.7776285927935,-1757.4496285927953,110.224,True,4
2025-11-03T16:00:00+00:00,SPX,2025-11-03,6843.98,RANGE,ADJUSTED,-1.1639231212343475,-1690.456773890573,-68.15677782345676,-1683.0087738905713,-67.93277782345676,-1750.941551714028,-1758.6135517140297,110.224,True,4
2025-11-03T16:30:00+00:00,SPX,2025-11-03,6849.39,RANGE,ADJUSTED,-0.28360928987672196,-1690.456773890573,-68.44038711333336,-1683.0087738905713,-68.21638711333335,-1751.2251610039048,-1758.8971610039064,110.224,True,4
2025-11-03T17:00:00+00:00,SPX,2025-11-03,6850.25,RANGE,ADJUSTED,0.036038937407511185,-1690.456773890573,-68.40434817592593,-1683.0087738905713,-68.18034817592593,-1751.1891220664972,-1758.8611220664989,110.224,True,4
2025-11-03T17:30:00+00:00,SPX,2025-11-03,6855.94,RANGE,ADJUSTED,-0.3120411406173389,-1690.456773890573,-68.71638931654319,-1683.0087738905713,-68.49238931654318,-1751.5011632071146,-1759.1731632071162,110.224,True,4
2025-11-03T18:00:00+00:00,SPX,2025-11-03,6860.27,RANGE,ADJUSTED,-0.21913364407419067,-1690.456773890573,-68.93552296061732,-1683.0087738905713,-68.71152296061732,-1751.7202968511886,-1759.3922968511904,110.224,True,4
2025-11-03T18:30:00+00:00,SPX,2025-11-03,6861.64,RANGE,ADJUSTED,-0.007660520864192222,-1690.456773890573,-68.94318348148151,-1683.0087738905713,-68.71918348148151,-1751.7279573720527,-1759.3999573720546,110.224,True,4
2025-11-03T19:00:00+00:00,SPX,2025-11-03,6852.62,RANGE,ADJUSTED,0.7531210106174058,-1690.456773890573,-68.19006247086419,-1683.0087738905713,-67.96606247086419,-1750.9748363614356,-1758.6468363614372,110.224,True,4
2025-11-03T19:30:00+00:00,SPX,2025-11-03,6856.28,RANGE,ADJUSTED,-0.17436064419757713,-1690.456773890573,-68.36442311506171,-1683.0087738905713,-68.14042311506171,-1751.1491970056331,-1758.8211970056348,110.224,True,4
2025-11-03T20:00:00+00:00,SPX,2025-11-03,6856.7,RANGE,ADJUSTED,0.0628871928395256,-1690.456773890573,-68.30153592222221,-1683.0087738905713,-68.07753592222221,-1751.0863098127936,-1758.7583098127952,110.224,True,4
2025-11-03T20:30:00+00:00,SPX,2025-11-03,6847.62,RANGE,ADJUSTED,0.7731539770370546,-1690.456773890573,-67.52838194518517,-1683.0087738905713,-67.30438194518517,-1750.3131558357566,-1757.9851558357582,110.224,True,4
2025-11-03T21:00:00+00:00,SPX,2025-11-03,6852.03,RANGE,ADJUSTED,-0.23373575296295712,-1690.456773890573,-67.76211769814813,-1683.0087738905713,-67.53811769814813,-1750.5468915887195,-1758.2188915887211,110.224,True,4
2025-11-04T14:30:00+00:00,SPX,2025-11-03,6768.85,TREND_DOWN,ABORTED,0.6222014080246936,-1757.5966901806964,0.0,-1749.8686901806948,0.0,-1749.8686901806948,-1757.5966901806964,0.0,False,0
2025-11-04T15:00:00+00:00,SPX,2025-11-03,6811.45,RANGE,ABORTED,0.0,-1757.5966901806964,0.0,-1749.8686901806948,0.0,-1749.8686901806948,-1757.5966901806964,0.0,False,0
2025-11-04T15:30:00+00:00,SPX,2025-11-03,6815.08,RANGE,ABORTED,0.0,-1757.5966901806964,0.0,-1749.8686901806948,0.0,-1749.8686901806948,-1757.5966901806964,0.0,False,0
2025-11-04T16:00:00+00:00,SPX,2025-11-03,6805.33,RANGE,ABORTED,0.0,-1757.5966901806964,0.0,-1749.8686901806948,0.0,-1749.8686901806948,-1757.5966901806964,0.0,False,0
2025-11-04T16:30:00+00:00,SPX,2025-11-03,6801.91,RANGE,ABORTED,0.0,-1757.5966901806964,0.0,-1749.8686901806948,0.0,-1749.8686901806948,-1757.5966901806964,0.0,False,0
2025-11-04T17:00:00+00:00,SPX,2025-11-03,6797.29,RANGE,ABORTED,0.0,-1757.5966901806964,0.0,-1749.8686901806948,0.0,-1749.8686901806948,-1757.5966901806964,0.0,False,0
2025-11-04T17:30:00+00:00,SPX,2025-11-03,6787.91,RANGE,ABORTED,0.0,-1757.5966901806964,0.0,-1749.8686901806948,0.0,-1749.8686901806948,-1757.5966901806964,0.0,False,0
2025-11-04T18:00:00+00:00,SPX,2025-11-03,6778.18,RANGE,ABORTED,0.0,-1757.5966901806964,0.0,-1749.8686901806948,0.0,-1749.8686901806948,-1757.5966901806964,0.0,False,0
2025-11-04T18:30:00+00:00,SPX,2025-11-03,6771.95,TREND_DOWN,ABORTED,0.0,-1757.5966901806964,0.0,-1749.8686901806948,0.0,-1749.8686901806948,-1757.5966901806964,0.0,False,0
2025-11-04T19:00:00+00:00,SPX,2025-11-03,6786.65,RANGE,ABORTED,0.0,-1757.5966901806964,0.0,-1749.8686901806948,0.0,-1749.8686901806948,-1757.5966901806964,0.0,False,0
2025-11-04T19:30:00+00:00,SPX,2025-11-03,6779.93,RANGE,ABORTED,0.0,-1757.5966901806964,0.0,-1749.8686901806948,0.0,-1749.8686901806948,-1757.5966901806964,0.0,False,0
2025-11-04T20:00:00+00:00,SPX,2025-11-03,6772.39,RANGE,ABORTED,0.0,-1757.5966901806964,0.0,-1749.8686901806948,0.0,-1749.8686901806948,-1757.5966901806964,0.0,False,0
2025-11-04T20:30:00+00:00,SPX,2025-11-03,6776.24,RANGE,ABORTED,0.0,-1757.5966901806964,0.0,-1749.8686901806948,0.0,-1749.8686901806948,-1757.5966901806964,0.0,False,0
2025-11-04T21:00:00+00:00,SPX,2025-11-03,6772.4,RANGE,ABORTED,0.0,-1757.5966901806964,0.0,-1749.8686901806948,0.0,-1749.8686901806948,-1757.5966901806964,0.0,False,0
2025-11-05T14:30:00+00:00,SPX,2025-11-03,6766.46,TREND_DOWN,ABORTED,0.0,-1757.5966901806964,0.0,-1749.8686901806948,0.0,-1749.8686901806948,-1757.5966901806964,0.0,False,0
2025-11-05T15:00:00+00:00,SPX,2025-11-03,6790.22,RANGE,ABORTED,0.0,-1757.5966901806964,0.0,-1749.8686901806948,0.0,-1749.8686901806948,-1757.5966901806964,0.0,False,0
2025-11-05T15:30:00+00:00,SPX,2025-11-03,6797.88,RANGE,ABORTED,0.0,-1757.5966901806964,0.0,-1749.8686901806948,0.0,-1749.8686901806948,-1757.5966901806964,0.0,False,0
2025-11-05T16:00:00+00:00,SPX,2025-11-03,6797.69,RANGE,ABORTED,0.0,-1757.5966901806964,0.0,-1749.8686901806948,0.0,-1749.8686901806948,-1757.5966901806964,0.0,False,0
2025-11-05T16:30:00+00:00,SPX,2025-11-03,6806.2,RANGE,ABORTED,0.0,-1757.5966901806964,0.0,-1749.8686901806948,0.0,-1749.8686901806948,-1757.5966901806964,0.0,False,0
2025-11-05T17:00:00+00:00,SPX,2025-11-03,6813.63,RANGE,ABORTED,0.0,-1757.5966901806964,0.0,-1749.8686901806948,0.0,-1749.8686901806948,-1757.5966901806964,0.0,False,0
2025-11-05T17:30:00+00:00,SPX,2025-11-03,6824.33,RANGE,ABORTED,0.0,-1757.5966901806964,0.0,-1749.8686901806948,0.0,-1749.8686901806948,-1757.5966901806964,0.0,False,0
2025-11-05T18:00:00+00:00,SPX,2025-11-03,6824.98,RANGE,ABORTED,0.0,-1757.5966901806964,0.0,-1749.8686901806948,0.0,-1749.8686901806948,-1757.5966901806964,0.0,False,0
2025-11-05T18:30:00+00:00,SPX,2025-11-03,6825.34,RANGE,ABORTED,0.0,-1757.5966901806964,0.0,-1749.8686901806948,0.0,-1749.8686901806948,-1757.5966901806964,0.0,False,0
2025-11-05T19:00:00+00:00,SPX,2025-11-03,6823.52,RANGE,ABORTED,0.0,-1757.5966901806964,0.0,-1749.8686901806948,0.0,-1749.8686901806948,-1757.5966901806964,0.0,False,0
2025-11-05T19:30:00+00:00,SPX,2025-11-03,6825.61,RANGE,ABORTED,0.0,-1757.5966901806964,0.0,-1749.8686901806948,0.0,-1749.8686901806948,-1757.5966901806964,0.0,False,0
2025-11-05T20:00:00+00:00,SPX,2025-11-03,6824.39,RANGE,ABORTED,0.0,-1757.5966901806964,0.0,-1749.8686901806948,0.0,-1749.8686901806948,-1757.5966901806964,0.0,False,0
2025-11-05T20:30:00+00:00,SPX,2025-11-03,6816.05,RANGE,ABORTED,0.0,-1757.5966901806964,0.0,-1749.8686901806948,0.0,-1749.8686901806948,-1757.5966901806964,0.0,False,0
2025-11-05T21:00:00+00:00,SPX,2025-11-03,6795.95,RANGE,ABORTED,0.0,-1757.5966901806964,0.0,-1749.8686901806948,0.0,-1749.8686901806948,-1757.5966901806964,0.0,False,0
2025-11-06T14:30:00+00:00,SPX,2025-11-03,6793.33,RANGE,ABORTED,0.0,-1757.5966901806964,0.0,-1749.8686901806948,0.0,-1749.8686901806948,-1757.5966901806964,0.0,False,0
2025-11-06T15:00:00+00:00,SPX,2025-11-03,6746.15,RANGE,ABORTED,0.0,-1757.5966901806964,0.0,-1749.8686901806948,0.0,-1749.8686901806948,-1757.5966901806964,0.0,False,0
2025-11-06T15:30:00+00:00,SPX,2025-11-03,6756.13,RANGE,ABORTED,0.0,-1757.5966901806964,0.0,-1749.8686901806948,0.0,-1749.8686901806948,-1757.5966901806964,0.0,False,0
2025-11-06T16:00:00+00:00,SPX,2025-11-03,6735.39,RANGE,ABORTED,0.0,-1757.5966901806964,0.0,-1749.8686901806948,0.0,-1749.8686901806948,-1757.5966901806964,0.0,False,0
2025-11-06T16:30:00+00:00,SPX,2025-11-03,6728.86,RANGE,ABORTED,0.0,-1757.5966901806964,0.0,-1749.8686901806948,0.0,-1749.8686901806948,-1757.5966901806964,0.0,False,0
2025-11-06T17:00:00+00:00,SPX,2025-11-03,6722.06,RANGE,ABORTED,0.0,-1757.5966901806964,0.0,-1749.8686901806948,0.0,-1749.8686901806948,-1757.5966901806964,0.0,False,0
2025-11-06T17:30:00+00:00,SPX,2025-11-03,6718.32,RANGE,ABORTED,0.0,-1757.5966901806964,0.0,-1749.8686901806948,0.0,-1749.8686901806948,-1757.5966901806964,0.0,False,0
2025-11-06T18:00:00+00:00,SPX,2025-11-03,6724.26,RANGE,ABORTED,0.0,-1757.5966901806964,0.0,-1749.8686901806948,0.0,-1749.8686901806948,-1757.5966901806964,0.0,False,0
2025-11-06T18:30:00+00:00,SPX,2025-11-03,6734.23,RANGE,ABORTED,0.0,-1757.5966901806964,0.0,-1749.8686901806948,0.0,-1749.8686901806948,-1757.5966901806964,0.0,False,0
2025-11-06T19:00:00+00:00,SPX,2025-11-03,6742.98,RANGE,ABORTED,0.0,-1757.5966901806964,0.0,-1749.8686901806948,0.0,-1749.8686901806948,-1757.5966901806964,0.0,False,0
2025-11-06T19:30:00+00:00,SPX,2025-11-03,6754.48,RANGE,ABORTED,0.0,-1757.5966901806964,0.0,-1749.8686901806948,0.0,-1749.8686901806948,-1757.5966901806964,0.0,False,0
2025-11-06T20:00:00+00:00,SPX,2025-11-03,6748.94,RANGE,ABORTED,0.0,-1757.5966901806964,0.0,-1749.8686901806948,0.0,-1749.8686901806948,-1757.5966901806964,0.0,False,0
2025-11-06T20:30:00+00:00,SPX,2025-11-03,6745.79,RANGE,ABORTED,0.0,-1757.5966901806964,0.0,-1749.8686901806948,0.0,-1749.8686901806948,-1757.5966901806964,0.0,False,0
2025-11-06T21:00:00+00:00,SPX,2025-11-03,6721.72,RANGE,ABORTED,0.0,-1757.5966901806964,0.0,-1749.8686901806948,0.0,-1749.8686901806948,-1757.5966901806964,0.0,False,0
2025-11-07T14:30:00+00:00,SPX,2025-11-03,6681.69,TREND_DOWN,ABORTED,0.0,-1757.5966901806964,0.0,-1749.8686901806948,0.0,-1749.8686901806948,-1757.5966901806964,0.0,False,0
2025-11-07T15:00:00+00:00,SPX,2025-11-03,6669.34,TREND_DOWN,ABORTED,0.0,-1757.5966901806964,0.0,-1749.8686901806948,0.0,-1749.8686901806948,-1757.5966901806964,0.0,False,0
2025-11-07T15:30:00+00:00,SPX,2025-11-03,6672.37,TREND_DOWN,ABORTED,0.0,-1757.5966901806964,0.0,-1749.8686901806948,0.0,-1749.8686901806948,-1757.5966901806964,0.0,False,0
2025-11-07T16:00:00+00:00,SPX,2025-11-03,6656.56,TREND_DOWN,ABORTED,0.0,-1757.5966901806964,0.0,-1749.8686901806948,0.0,-1749.8686901806948,-1757.5966901806964,0.0,False,0
2025-11-07T16:30:00+00:00,SPX,2025-11-03,6652.37,TREND_DOWN,ABORTED,0.0,-1757.5966901806964,0.0,-1749.8686901806948,0.0,-1749.8686901806948,-1757.5966901806964,0.0,False,0
2025-11-07T17:00:00+00:00,SPX,2025-11-03,6635.63,TREND_DOWN,ABORTED,0.0,-1757.5966901806964,0.0,-1749.8686901806948,0.0,-1749.8686901806948,-1757.5966901806964,0.0,False,0
2025-11-07T17:30:00+00:00,SPX,2025-11-03,6657.51,TREND_DOWN,ABORTED,0.0,-1757.5966901806964,0.0,-1749.8686901806948,0.0,-1749.8686901806948,-1757.5966901806964,0.0,False,0
2025-11-07T18:00:00+00:00,SPX,2025-11-03,6660.76,TREND_DOWN,ABORTED,0.0,-1757.5966901806964,0.0,-1749.8686901806948,0.0,-1749.8686901806948,-1757.5966901806964,0.0,False,0
2025-11-07T18:30:00+00:00,SPX,2025-11-03,6672.77,TREND_DOWN,ABORTED,0.0,-1757.5966901806964,0.0,-1749.8686901806948,0.0,-1749.8686901806948,-1757.5966901806964,0.0,False,0
2025-11-07T19:00:00+00:00,SPX,2025-11-03,6678.91,TREND_DOWN,ABORTED,0.0,-1757.5966901806964,0.0,-1749.8686901806948,0.0,-1749.8686901806948,-1757.5966901806964,0.0,False,0
2025-11-07T19:30:00+00:00,SPX,2025-11-03,6695.86,RANGE,ABORTED,0.0,-1757.5966901806964,0.0,-1749.8686901806948,0.0,-1749.8686901806948,-1757.5966901806964,0.0,False,0
2025-11-07T20:00:00+00:00,SPX,2025-11-03,6716.43,RANGE,ABORTED,0.0,-1757.5966901806964,0.0,-1749.8686901806948,0.0,-1749.8686901806948,-1757.5966901806964,0.0,False,0
2025-11-07T20:30:00+00:00,SPX,2025-11-03,6710.14,TREND_DOWN,ABORTED,0.0,-1757.5966901806964,0.0,-1749.8686901806948,0.0,-1749.8686901806948,-1757.5966901806964,0.0,False,0
2025-11-07T21:00:00+00:00,SPX,2025-11-03,6729.02,RANGE,ABORTED,0.0,-1757.5966901806964,0.0,-1749.8686901806948,0.0,-1749.8686901806948,-1757.5966901806964,0.0,False,0
2025-11-10T14:30:00+00:00,SPX,2025-11-10,6799.01,RANGE,IDLE,0.0,-1757.5966901806964,0.0,-1749.8686901806948,0.0,-1749.8686901806948,-1757.5966901806964,0.0,False,0
2025-11-10T15:00:00+00:00,SPX,2025-11-10,6807.62,RANGE,ACTIVE,-82.66800000000012,-1757.5966901806964,-82.668,-1749.8686901806948,-82.5,-1832.3686901806948,-1840.2646901806966,82.668,False,3
2025-11-10T15:30:00+00:00,SPX,2025-11-10,6807.44,RANGE,ADJUSTED,15.568121457778034,-1757.5966901806964,-67.0998785422222,-1749.8686901806948,-66.8758785422222,-1816.744568722917,-1824.6965687229185,110.224,True,4
2025-11-10T16:00:00+00:00,SPX,2025-11-10,6777.54,RANGE,ADJUSTED,-1.6541964565433318,-1757.5966901806964,-68.75407499876543,-1749.8686901806948,-68.53007499876543,-1818.3987651794603,-1826.3507651794619,110.224,True,4
2025-11-10T16:30:00+00:00,SPX,2025-11-10,6778.66,RANGE,ADJUSTED,0.17539046691354088,-1757.5966901806964,-68.57868453185186,-1749.8686901806948,-68.35468453185186,-1818.2233747125467,-1826.1753747125483,110.224,True,4
2025-11-10T17:00:00+00:00,SPX,2025-11-10,6794.48,RANGE,ADJUSTED,1.2261691037037963,-1757.5966901806964,-67.35251542814818,-1749.8686901806948,-67.12851542814818,-1816.997205608843,-1824.9492056088445,110.224,True,4
2025-11-10T17:30:00+00:00,SPX,2025-11-10,6799.38,RANGE,ADJUSTED,0.45646406123455563,-1757.5966901806964,-66.89605136691358,-1749.8686901806948,-66.67205136691356,-1816.5407415476084,-1824.49274154761,110.224,True,4
2025-11-10T18:00:00+00:00,SPX,2025-11-10,6815.09,RANGE,ADJUSTED,-0.2169671302469851,-1757.5966901806964,-67.11301849716051,-1749.8686901806948,-66.8890184971605,-1816.7577086778554,-1824.709708677857,110.224,True,4
2025-11-10T18:30:00+00:00,SPX,2025-11-10,6819.68,RANGE,ADJUSTED,-0.2300536509876565,-1757.5966901806964,-67.34307214814818,-1749.8686901806948,-67.11907214814818,-1816.987762328843,-1824.9397623288446,110.224,True,4
2025-11-10T19:00:00+00:00,SPX,2025-11-10,6821.85,RANGE,ADJUSTED,-0.05700457345687937,-1757.5966901806964,-67.40007672160498,-1749.8686901806948,-67.17607672160497,-1817.0447669022997,-1824.9967669023015,110.224,True,4
2025-11-10T19:30:00+00:00,SPX,2025-11-10,6825.61,RANGE,ADJUSTED,-0.1765125850615732,-1757.5966901806964,-67.57658930666665,-1749.8686901806948,-67.35258930666664,-1817.2212794873615,-1825.173279487363,110.224,True,4
2025-11-10T20:00:00+00:00,SPX,2025-11-10,6836.42,RANGE,ADJUSTED,-0.7041364244444139,-1757.5966901806964,-68.28072573111112,-1749.8686901806948,-68.05672573111111,-1817.9254159118059,-1825.8774159118075,110.224,True,4
2025-11-10T20:30:00+00:00,SPX,2025-11-10,6832.21,RANGE,ADJUSTED,0.4089756325925009,-1757.5966901806964,-67.87175009851852,-1749.8686901806948,-67.64775009851851,-1817.5164402792134,-1825.468440279215,110.224,True,4
2025-11-10T21:00:00+00:00,SPX,2025-11-10,6831.82,RANGE,ADJUSTED,0.12544406518532014,-1757.5966901806964,-67.74630603333331,-1749.8686901806948,-67.52230603333331,-1817.390996214028,-1825.3429962140297,110.224,True,4
2025-11-11T14:30:00+00:00,SPX,2025-11-10,6820.36,RANGE,ADJUSTED,4.427120418518371,-1757.5966901806964,-63.319185614814785,-1749.8686901806948,-63.09518561481478,-1812.9638757955095,-1820.9158757955113,110.224,True,4
2025-11-11T15:00:00+00:00,SPX,2025-11-10,6820.7,RANGE,ADJUSTED,0.07029025802467004,-1757.5966901806964,-63.248895356790115,-1749.8686901806948,-63.024895356790104,-1812.8935855374848,-1820.8455855374866,110.224,True,4
2025-11-11T15:30:00+00:00,SPX,2025-11-10,6809.46,RANGE,ADJUSTED,1.1499913686420768,-1757.5966901806964,-62.09890398814815,-1749.8686901806948,-61.87490398814815,-1811.743594168843,-1819.6955941688445,110.224,True,4
2025-11-11T16:00:00+00:00,SPX,2025-11-10,6812.38,RANGE,ADJUSTED,-0.16662725851870164,-1757.5966901806964,-62.26553124666668,-1749.8686901806948,-62.04153124666668,-1811.9102214273614,-1819.8622214273632,110.224,True,4
2025-11-11T16:30:00+00:00,SPX,2025-11-10,6815.61,RANGE,ADJUSTED,-0.1986780617282875,-1757.5966901806964,-62.46420930839503,-1749.8686901806948,-62.24020930839502,-1812.1088994890897,-1820.0608994890915,110.224,True,4
2025-11-11T17:00:00+00:00,SPX,2025-11-10,6821.52,RANGE,ADJUSTED,-0.45567712123465753,-1757.5966901806964,-62.91988642962967,-1749.8686901806948,-62.69588642962967,-1812.5645766103244,-1820.5165766103262,110.224,True,4
2025-11-11T17:30:00+00:00,SPX,2025-11-10,6831.42,RANGE,ADJUSTED,-0.8413068671604833,-1757.5966901806964,-63.761193296790125,-1749.8686901806948,-63.53719329679012,-1813.4058834774848,-1821.3578834774867,110.224,True,4
2025-11-11T18:00:00+00:00,SPX,2025-11-10,6843.14,RANGE,ADJUSTED,-1.0250913607405892,-1757.5966901806964,-64.7862846575309,-1749.8686901806948,-64.5622846575309,-1814.4309748382257,-1822.3829748382273,110.224,True,4
2025-11-11T18:30:00+00:00,SPX,2025-11-10,6846.74,RANGE,ADJUSTED,-0.2554834713580476,-1757.5966901806964,-65.04176812888888,-1749.8686901806948,-64.81776812888887,-1814.6864583095837,-1822.6384583095853,110.224,True,4
2025-11-11T19:00:00+00:00,SPX,2025-11-10,6849.33,RANGE,ADJUSTED,-0.161346988271589,-1757.5966901806964,-65.2031151171605,-1749.8686901806948,-64.97911511716049,-1814.8478052978553,-1822.799805297857,110.224,True,4
2025-11-11T19:30:00+00:00,SPX,2025-11-10,6850.85,RANGE,ADJUSTED,-0.05990945074086085,-1757.5966901806964,-65.26302456790127,-1749.8686901806948,-65.03902456790127,-1814.907714748596,-1822.8597147485978,110.224,True,4
2025-11-11T20:00:00+00:00,SPX,2025-11-10,6853.32,RANGE,ADJUSTED,-0.15414308691356382,-1757.5966901806964,-65.41716765481479,-1749.8686901806948,-65.19316765481479,-1815.0618578355095,-1823.0138578355113,110.224,True,4
2025-11-11T20:30:00+00:00,SPX,2025-11-10,6848.42,RANGE,ADJUSTED,0.5666356612346135,-1757.5966901806964,-64.85053199358026,-1749.8686901806948,-64.62653199358026,-1814.495222174275,-1822.4472221742767,110.224,True,4
2025-11-11T21:00:00+00:00,SPX,2025-11-10,6848.09,RANGE,ADJUSTED,0.12074671345681054,-1757.5966901806964,-64.72978528012348,-1749.8686901806948,-64.50578528012346,-1814.3744754608183,-1822.32647546082,110.224,True,4
2025-11-12T14:30:00+00:00,SPX,2025-11-10,6861.46,RANGE,ADJUSTED,1.5470608904938672,-1757.5966901806964,-63.18272438962964,-1749.8686901806948,-62.95872438962963,-1812.8274145703244,-1820.779414570326,110.224,True,4
2025-11-12T15:00:00+00:00,SPX,2025-11-10,6859.51,RANGE,ADJUSTED,0.30826188555556655,-1757.5966901806964,-62.8744625040741,-1749.8686901806948,-62.6504625040741,-1812.5191526847689,-1820.4711526847705,110.224,True,4
2025-11-12T15:30:00+00:00,SPX,2025-11-10,6844.48,RANGE,ADJUSTED,1.8350712151852804,-1757.5966901806964,-61.03939128888884,-1749.8686901806948,-60.81539128888883,-1810.6840814695836,-1818.6360814695852,110.224,True,4
2025-11-12T16:00:00+00:00,SPX,2025-11-10,6839.79,RANGE,ADJUSTED,0.6391750132097513,-1757.5966901806964,-60.400216275679014,-1749.8686901806948,-60.17621627567901,-1810.0449064563738,-1817.9969064563754,110.224,True,4
2025-11-12T16:30:00+00:00,SPX,2025-11-10,6843.32,RANGE,ADJUSTED,-0.32257253518514517,-1757.5966901806964,-60.72278881086416,-1749.8686901806948,-60.498788810864156,-1810.367478991559,-1818.3194789915606,110.224,True,4
2025-11-12T17:00:00+00:00,SPX,2025-11-10,6838.87,RANGE,ADJUSTED,0.6159651408640912,-1757.5966901806964,-60.10682367,-1749.8686901806948,-59.882823669999986,-1809.7515138506947,-1817.7035138506965,110.224,True,4
2025-11-12T17:30:00+00:00,SPX,2025-11-10,6846.79,RANGE,ADJUSTED,-0.8458876351851359,-1757.5966901806964,-60.95271130518519,-1749.8686901806948,-60.72871130518518,-1810.59740148588,-1818.5494014858816,110.224,True,4
2025-11-12T18:00:00+00:00,SPX,2025-11-10,6857.07,RANGE,ADJUSTED,-1.1344517324691878,-1757.5966901806964,-62.08716303765429,-1749.8686901806948,-61.86316303765428,-1811.731853218349,-1819.6838532183508,110.224,True,4
2025-11-12T18:30:00+00:00,SPX,2025-11-10,6856.87,RANGE,ADJUSTED,0.10790307543220479,-1757.5966901806964,-61.979259962222216,-1749.8686901806948,-61.75525996222221,-1811.623950142917,-1819.5759501429186,110.224,True,4
2025-11-12T19:00:00+00:00,SPX,2025-11-10,6855.25,RANGE,ADJUSTED,0.27847474925920324,-1757.5966901806964,-61.70078521296297,-1749.8686901806948,-61.476785212962966,-1811.3454753936578,-1819.2974753936594,110.224,True,4
2025-11-12T19:30:00+00:00,SPX,2025-11-10,6846.54,RANGE,ADJUSTED,1.134179703827158,-1757.5966901806964,-60.5666055091358,-1749.8686901806948,-60.342605509135794,-1810.2112956898306,-1818.1632956898322,110.224,True,4
2025-11-12T20:00:00+00:00,SPX,2025-11-10,6846.47,RANGE,ADJUSTED,0.09758541765427253,-1757.5966901806964,-60.46902009148151,-1749.8686901806948,-60.24502009148151,-1810.1137102721764,-1818.065710272178,110.224,True,4
2025-11-12T20:30:00+00:00,SPX,2025-11-10,6857.74,RANGE,ADJUSTED,-1.2794915751851477,-1757.5966901806964,-61.748511666666644,-1749.8686901806948,-61.52451166666664,-1811.3932018473615,-1819.3452018473631,110.224,True,4
2025-11-12T21:00:00+00:00,SPX,2025-11-10,6852.0,RANGE,ADJUSTED,0.7835396419752669,-1757.5966901806964,-60.96497202469136,-1749.8686901806948,-60.74097202469136,-1810.609662205386,-1818.5616622053878,110.224,True,4
2025-11-13T14:30:00+00:00,SPX,2025-11-10,6820.04,RANGE,ADJUSTED,7.466486720000148,-1757.5966901806964,-53.49848530469136,-1749.8686901806948,-53.27448530469135,-1803.143175485386,-1811.0951754853877,110.224,True,4
2025-11-13T15:00:00+00:00,SPX,2025-11-10,6799.43,RANGE,ADJUSTED,1.4222483203702723,-1757.5966901806964,-52.07623698432096,-1749.8686901806948,-51.852236984320946,-1801.7209271650158,-1809.6729271650174,110.224,True,4
2025-11-13T15:30:00+00:00,SPX,2025-11-10,6796.96,RANGE,ADJUSTED,-0.23896258901231704,-1757.5966901806964,-52.31519957333333,-1749.8686901806948,-52.09119957333333,-1801.9598897540282,-1809.9118897540297,110.224,True,4
2025-11-13T16:00:00+00:00,SPX,2025-11-10,6776.89,RANGE,ADJUSTED,-2.7121595640739997,-1757.5966901806964,-55.02735913740736,-1749.8686901806948,-54.803359137407355,-1804.6720493181022,-1812.6240493181037,110.224,True,4
2025-11-13T16:30:00+00:00,SPX,2025-11-10,6782.57,RANGE,ADJUSTED,0.8957951756788134,-1757.5966901806964,-54.13156396172843,-1749.8686901806948,-53.90756396172843,-1803.776254142423,-1811.728254142425,110.224,True,4
2025-11-13T17:00:00+00:00,SPX,2025-11-10,6774.12,RANGE,ADJUSTED,-1.096071405678913,-1757.5966901806964,-55.22763536740743,-1749.8686901806948,-55.003635367407426,-1804.8723255481023,-1812.8243255481038,110.224,True,4
2025-11-13T17:30:00+00:00,SPX,2025-11-10,6780.39,RANGE,ADJUSTED,0.9836555693827904,-1757.5966901806964,-54.243979798024654,-1749.8686901806948,-54.01997979802464,-1803.8886699787195,-1811.840669978721,110.224,True,4
2025-11-13T18:00:00+00:00,SPX,2025-11-10,6760.45,RANGE,ADJUSTED,-2.740703140864298,-1757.5966901806964,-56.98468293888892,-1749.8686901806948,-56.76068293888891,-1806.6293731195838,-1814.5813731195854,110.224,True,4
2025-11-13T18:30:00+00:00,SPX,2025-11-10,6743.29,RANGE,ADJUSTED,-2.3630496633334133,-1757.5966901806964,-59.34773260222224,-1749.8686901806948,-59.123732602222226,-1808.992422782917,-1816.9444227829188,110.224,True,4
2025-11-13T19:00:00+00:00,SPX,2025-11-10,6739.41,RANGE,ADJUSTED,-0.47668647617274473,-1757.5966901806964,-59.82441907839508,-1749.8686901806948,-59.60041907839508,-1809.46910925909,-1817.4211092590915,110.224,True,4
2025-11-13T19:30:00+00:00,SPX,2025-11-10,6752.29,RANGE,ADJUSTED,1.9294068620988583,-1757.5966901806964,-57.89501221629631,-1749.8686901806948,-57.6710122162963,-1807.539702396991,-1815.4917023969927,110.224,True,4
2025-11-13T20:00:00+00:00,SPX,2025-11-10,6732.06,RANGE,ADJUSTED,-2.834936777037001,-1757.5966901806964,-60.72994899333328,-1749.8686901806948,-60.50594899333328,-1810.374639174028,-1818.3266391740297,110.224,True,4
2025-11-13T20:30:00+00:00,SPX,2025-11-10,6739.16,RANGE,ADJUSTED,1.1016479928393892,-1757.5966901806964,-59.62830100049385,-1749.8686901806948,-59.404301000493845,-1809.2729911811887,-1817.2249911811903,110.224,True,4
2025-11-13T21:00:00+00:00,SPX,2025-11-10,6738.52,RANGE,ADJUSTED,-0.015641646913536533,-1757.5966901806964,-59.64394264740734,-1749.8686901806948,-59.41994264740734,-1809.2886328281022,-1817.2406328281038,110.224,True,4
2025-11-14T14:30:00+00:00,SPX,2025-11-10,6650.83,RANGE,EXITED,-49.783510043565,-1867.0241428716688,0.0,-1859.016142871667,0.0,-1859.016142871667,-1867.0241428716688,0.0,False,0
2025-11-14T15:00:00+00:00,SPX,2025-11-10,6693.46,RANGE,EXITED,0.0,-1867.0241428716688,0.0,-1859.016142871667,0.0,-1859.016142871667,-1867.0241428716688,0.0,False,0
2025-11-14T15:30:00+00:00,SPX,2025-11-10,6715.81,RANGE,EXITED,0.0,-1867.0241428716688,0.0,-1859.016142871667,0.0,-1859.016142871667,-1867.0241428716688,0.0,False,0
2025-11-14T16:00:00+00:00,SPX,2025-11-10,6731.75,RANGE,EXITED,0.0,-1867.0241428716688,0.0,-1859.016142871667,0.0,-1859.016142871667,-1867.0241428716688,0.0,False,0
2025-11-14T16:30:00+00:00,SPX,2025-11-10,6755.7,RANGE,EXITED,0.0,-1867.0241428716688,0.0,-1859.016142871667,0.0,-1859.016142871667,-1867.0241428716688,0.0,False,0
2025-11-14T17:00:00+00:00,SPX,2025-11-10,6765.84,RANGE,EXITED,0.0,-1867.0241428716688,0.0,-1859.016142871667,0.0,-1859.016142871667,-1867.0241428716688,0.0,False,0
2025-11-14T17:30:00+00:00,SPX,2025-11-10,6764.39,RANGE,EXITED,0.0,-1867.0241428716688,0.0,-1859.016142871667,0.0,-1859.016142871667,-1867.0241428716688,0.0,False,0
2025-11-14T18:00:00+00:00,SPX,2025-11-10,6743.95,RANGE,EXITED,0.0,-1867.0241428716688,0.0,-1859.016142871667,0.0,-1859.016142871667,-1867.0241428716688,0.0,False,0
2025-11-14T18:30:00+00:00,SPX,2025-11-10,6750.54,RANGE,EXITED,0.0,-1867.0241428716688,0.0,-1859.016142871667,0.0,-1859.016142871667,-1867.0241428716688,0.0,False,0
2025-11-14T19:00:00+00:00,SPX,2025-11-10,6747.1,RANGE,EXITED,0.0,-1867.0241428716688,0.0,-1859.016142871667,0.0,-1859.016142871667,-1867.0241428716688,0.0,False,0
2025-11-14T19:30:00+00:00,SPX,2025-11-10,6756.29,RANGE,EXITED,0.0,-1867.0241428716688,0.0,-1859.016142871667,0.0,-1859.016142871667,-1867.0241428716688,0.0,False,0
2025-11-14T20:00:00+00:00,SPX,2025-11-10,6766.17,RANGE,EXITED,0.0,-1867.0241428716688,0.0,-1859.016142871667,0.0,-1859.016142871667,-1867.0241428716688,0.0,False,0
2025-11-14T20:30:00+00:00,SPX,2025-11-10,6745.96,RANGE,EXITED,0.0,-1867.0241428716688,0.0,-1859.016142871667,0.0,-1859.016142871667,-1867.0241428716688,0.0,False,0
2025-11-14T21:00:00+00:00,SPX,2025-11-10,6735.1,RANGE,EXITED,0.0,-1867.0241428716688,0.0,-1859.016142871667,0.0,-1859.016142871667,-1867.0241428716688,0.0,False,0
2025-11-17T14:30:00+00:00,SPX,2025-11-17,6725.94,RANGE,IDLE,0.0,-1867.0241428716688,0.0,-1859.016142871667,0.0,-1859.016142871667,-1867.0241428716688,0.0,False,0
2025-11-17T15:00:00+00:00,SPX,2025-11-17,6732.74,RANGE,ACTIVE,-82.66799999999989,-1867.0241428716688,-82.668,-1859.016142871667,-82.5,-1941.516142871667,-1949.6921428716687,82.668,False,3
2025-11-17T15:30:00+00:00,SPX,2025-11-17,6726.78,RANGE,ADJUSTED,15.614288604444255,-1867.0241428716688,-67.05371139555554,-1859.016142871667,-66.82971139555553,-1925.8458542672224,-1934.0778542672244,110.224,True,4
2025-11-17T16:00:00+00:00,SPX,2025-11-17,6718.86,RANGE,ADJUSTED,-0.19866834641970854,-1867.0241428716688,-67.25237974197533,-1859.016142871667,-67.02837974197533,-1926.0445226136424,-1934.2765226136441,110.224,True,4
2025-11-17T16:30:00+00:00,SPX,2025-11-17,6725.12,RANGE,ADJUSTED,0.5332635760494213,-1867.0241428716688,-66.71911616592593,-1859.016142871667,-66.49511616592591,-1925.511259037593,-1933.7432590375947,110.224,True,4
2025-11-17T17:00:00+00:00,SPX,2025-11-17,6741.96,RANGE,ADJUSTED,-1.0932636814814032,-1867.0241428716688,-67.81237984740741,-1859.016142871667,-67.58837984740741,-1926.6045227190743,-1934.8365227190761,110.224,True,4
2025-11-17T17:30:00+00:00,SPX,2025-11-17,6740.18,RANGE,ADJUSTED,0.22902868592586856,-1867.0241428716688,-67.5833511614815,-1859.016142871667,-67.3593511614815,-1926.3754940331485,-1934.6074940331503,110.224,True,4
2025-11-17T18:00:00+00:00,SPX,2025-11-17,6701.88,RANGE,ADJUSTED,-0.47276634913578164,-1867.0241428716688,-68.05611751061728,-1859.016142871667,-67.83211751061728,-1926.8482603822843,-1935.080260382286,110.224,True,4
2025-11-17T18:30:00+00:00,SPX,2025-11-17,6700.78,RANGE,ADJUSTED,0.017915029135792793,-1867.0241428716688,-68.0382024814815,-1859.016142871667,-67.81420248148149,-1926.8303453531485,-1935.0623453531502,110.224,True,4
2025-11-17T19:00:00+00:00,SPX,2025-11-17,6678.22,TREND_DOWN,ABORTED,-1.6132571069138066,-1936.675602460064,0.0,-1928.387602460062,0.0,-1928.387602460062,-1936.675602460064,0.0,False,0
2025-11-17T19:30:00+00:00,SPX,2025-11-17,6665.71,TREND_DOWN,ABORTED,0.0,-1936.675602460064,0.0,-1928.387602460062,0.0,-1928.387602460062,-1936.675602460064,0.0,False,0
2025-11-17T20:00:00+00:00,SPX,2025-11-17,6643.19,TREND_DOWN,ABORTED,0.0,-1936.675602460064,0.0,-1928.387602460062,0.0,-1928.387602460062,-1936.675602460064,0.0,False,0
2025-11-17T20:30:00+00:00,SPX,2025-11-17,6650.09,TREND_DOWN,ABORTED,0.0,-1936.675602460064,0.0,-1928.387602460062,0.0,-1928.387602460062,-1936.675602460064,0.0,False,0
2025-11-17T21:00:00+00:00,SPX,2025-11-17,6672.91,TREND_DOWN,ABORTED,0.0,-1936.675602460064,0.0,-1928.387602460062,0.0,-1928.387602460062,-1936.675602460064,0.0,False,0
2025-11-18T14:30:00+00:00,SPX,2025-11-17,6643.92,TREND_DOWN,ABORTED,0.0,-1936.675602460064,0.0,-1928.387602460062,0.0,-1928.387602460062,-1936.675602460064,0.0,False,0
2025-11-18T15:00:00+00:00,SPX,2025-11-17,6585.8,TREND_DOWN,ABORTED,0.0,-1936.675602460064,0.0,-1928.387602460062,0.0,-1928.387602460062,-1936.675602460064,0.0,False,0
2025-11-18T15:30:00+00:00,SPX,2025-11-17,6602.29,TREND_DOWN,ABORTED,0.0,-1936.675602460064,0.0,-1928.387602460062,0.0,-1928.387602460062,-1936.675602460064,0.0,False,0
2025-11-18T16:00:00+00:00,SPX,2025-11-17,6581.34,TREND_DOWN,ABORTED,0.0,-1936.675602460064,0.0,-1928.387602460062,0.0,-1928.387602460062,-1936.675602460064,0.0,False,0
2025-11-18T16:30:00+00:00,SPX,2025-11-17,6631.11,TREND_DOWN,ABORTED,0.0,-1936.675602460064,0.0,-1928.387602460062,0.0,-1928.387602460062,-1936.675602460064,0.0,False,0
2025-11-18T17:00:00+00:00,SPX,2025-11-17,6627.88,TREND_DOWN,ABORTED,0.0,-1936.675602460064,0.0,-1928.387602460062,0.0,-1928.387602460062,-1936.675602460064,0.0,False,0
2025-11-18T17:30:00+00:00,SPX,2025-11-17,6605.53,TREND_DOWN,ABORTED,0.0,-1936.675602460064,0.0,-1928.387602460062,0.0,-1928.387602460062,-1936.675602460064,0.0,False,0
2025-11-18T18:00:00+00:00,SPX,2025-11-17,6653.83,TREND_DOWN,ABORTED,0.0,-1936.675602460064,0.0,-1928.387602460062,0.0,-1928.387602460062,-1936.675602460064,0.0,False,0
2025-11-18T18:30:00+00:00,SPX,2025-11-17,6659.81,TREND_DOWN,ABORTED,0.0,-1936.675602460064,0.0,-1928.387602460062,0.0,-1928.387602460062,-1936.675602460064,0.0,False,0
2025-11-18T19:00:00+00:00,SPX,2025-11-17,6646.49,TREND_DOWN,ABORTED,0.0,-1936.675602460064,0.0,-1928.387602460062,0.0,-1928.387602460062,-1936.675602460064,0.0,False,0
2025-11-18T19:30:00+00:00,SPX,2025-11-17,6642.96,TREND_DOWN,ABORTED,0.0,-1936.675602460064,0.0,-1928.387602460062,0.0,-1928.387602460062,-1936.675602460064,0.0,False,0
2025-11-18T20:00:00+00:00,SPX,2025-11-17,6653.68,TREND_DOWN,ABORTED,0.0,-1936.675602460064,0.0,-1928.387602460062,0.0,-1928.387602460062,-1936.675602460064,0.0,False,0
2025-11-18T20:30:00+00:00,SPX,2025-11-17,6633.37,TREND_DOWN,ABORTED,0.0,-1936.675602460064,0.0,-1928.387602460062,0.0,-1928.387602460062,-1936.675602460064,0.0,False,0
2025-11-18T21:00:00+00:00,SPX,2025-11-17,6616.94,TREND_DOWN,ABORTED,0.0,-1936.675602460064,0.0,-1928.387602460062,0.0,-1928.387602460062,-1936.675602460064,0.0,False,0
2025-11-19T14:30:00+00:00,SPX,2025-11-17,6628.99,TREND_DOWN,ABORTED,0.0,-1936.675602460064,0.0,-1928.387602460062,0.0,-1928.387602460062,-1936.675602460064,0.0,False,0
2025-11-19T15:00:00+00:00,SPX,2025-11-17,6677.78,TREND_DOWN,ABORTED,0.0,-1936.675602460064,0.0,-1928.387602460062,0.0,-1928.387602460062,-1936.675602460064,0.0,False,0
2025-11-19T15:30:00+00:00,SPX,2025-11-17,6677.67,TREND_DOWN,ABORTED,0.0,-1936.675602460064,0.0,-1928.387602460062,0.0,-1928.387602460062,-1936.675602460064,0.0,False,0
2025-11-19T16:00:00+00:00,SPX,2025-11-17,6646.87,TREND_DOWN,ABORTED,0.0,-1936.675602460064,0.0,-1928.387602460062,0.0,-1928.387602460062,-1936.675602460064,0.0,False,0
2025-11-19T16:30:00+00:00,SPX,2025-11-17,6635.89,TREND_DOWN,ABORTED,0.0,-1936.675602460064,0.0,-1928.387602460062,0.0,-1928.387602460062,-1936.675602460064,0.0,False,0
2025-11-19T17:00:00+00:00,SPX,2025-11-17,6626.85,TREND_DOWN,ABORTED,0.0,-1936.675602460064,0.0,-1928.387602460062,0.0,-1928.387602460062,-1936.675602460064,0.0,False,0
2025-11-19T17:30:00+00:00,SPX,2025-11-17,6616.98,TREND_DOWN,ABORTED,0.0,-1936.675602460064,0.0,-1928.387602460062,0.0,-1928.387602460062,-1936.675602460064,0.0,False,0
2025-11-19T18:00:00+00:00,SPX,2025-11-17,6636.15,TREND_DOWN,ABORTED,0.0,-1936.675602460064,0.0,-1928.387602460062,0.0,-1928.387602460062,-1936.675602460064,0.0,False,0
2025-11-19T18:30:00+00:00,SPX,2025-11-17,6631.94,TREND_DOWN,ABORTED,0.0,-1936.675602460064,0.0,-1928.387602460062,0.0,-1928.387602460062,-1936.675602460064,0.0,False,0
2025-11-19T19:00:00+00:00,SPX,2025-11-17,6635.23,TREND_DOWN,ABORTED,0.0,-1936.675602460064,0.0,-1928.387602460062,0.0,-1928.387602460062,-1936.675602460064,0.0,False,0
2025-11-19T19:30:00+00:00,SPX,2025-11-17,6614.12,TREND_DOWN,ABORTED,0.0,-1936.675602460064,0.0,-1928.387602460062,0.0,-1928.387602460062,-1936.675602460064,0.0,False,0
2025-11-19T20:00:00+00:00,SPX,2025-11-17,6632.26,TREND_DOWN,ABORTED,0.0,-1936.675602460064,0.0,-1928.387602460062,0.0,-1928.387602460062,-1936.675602460064,0.0,False,0
2025-11-19T20:30:00+00:00,SPX,2025-11-17,6650.53,RANGE,ABORTED,0.0,-1936.675602460064,0.0,-1928.387602460062,0.0,-1928.387602460062,-1936.675602460064,0.0,False,0
2025-11-19T21:00:00+00:00,SPX,2025-11-17,6642.93,RANGE,ABORTED,0.0,-1936.675602460064,0.0,-1928.387602460062,0.0,-1928.387602460062,-1936.675602460064,0.0,False,0
2025-11-20T14:30:00+00:00,SPX,2025-11-17,6748.59,TREND_UP,ABORTED,0.0,-1936.675602460064,0.0,-1928.387602460062,0.0,-1928.387602460062,-1936.675602460064,0.0,False,0
2025-11-20T15:00:00+00:00,SPX,2025-11-17,6764.75,RANGE,ABORTED,0.0,-1936.675602460064,0.0,-1928.387602460062,0.0,-1928.387602460062,-1936.675602460064,0.0,False,0
2025-11-20T15:30:00+00:00,SPX,2025-11-17,6761.63,RANGE,ABORTED,0.0,-1936.675602460064,0.0,-1928.387602460062,0.0,-1928.387602460062,-1936.675602460064,0.0,False,0
2025-11-20T16:00:00+00:00,SPX,2025-11-17,6731.91,RANGE,ABORTED,0.0,-1936.675602460064,0.0,-1928.387602460062,0.0,-1928.387602460062,-1936.675602460064,0.0,False,0
2025-11-20T16:30:00+00:00,SPX,2025-11-17,6684.92,RANGE,ABORTED,0.0,-1936.675602460064,0.0,-1928.387602460062,0.0,-1928.387602460062,-1936.675602460064,0.0,False,0
2025-11-20T17:00:00+00:00,SPX,2025-11-17,6629.71,RANGE,ABORTED,0.0,-1936.675602460064,0.0,-1928.387602460062,0.0,-1928.387602460062,-1936.675602460064,0.0,False,0
2025-11-20T17:30:00+00:00,SPX,2025-11-17,6588.84,TREND_DOWN,ABORTED,0.0,-1936.675602460064,0.0,-1928.387602460062,0.0,-1928.387602460062,-1936.675602460064,0.0,False,0
2025-11-20T18:00:00+00:00,SPX,2025-11-17,6598.79,TREND_DOWN,ABORTED,0.0,-1936.675602460064,0.0,-1928.387602460062,0.0,-1928.387602460062,-1936.675602460064,0.0,False,0
2025-11-20T18:30:00+00:00,SPX,2025-11-17,6602.0,RANGE,ABORTED,0.0,-1936.675602460064,0.0,-1928.387602460062,0.0,-1928.387602460062,-1936.675602460064,0.0,False,0
2025-11-20T19:00:00+00:00,SPX,2025-11-17,6557.25,TREND_DOWN,ABORTED,0.0,-1936.675602460064,0.0,-1928.387602460062,0.0,-1928.387602460062,-1936.675602460064,0.0,False,0
2025-11-20T19:30:00+00:00,SPX,2025-11-17,6572.87,TREND_DOWN,ABORTED,0.0,-1936.675602460064,0.0,-1928.387602460062,0.0,-1928.387602460062,-1936.675602460064,0.0,False,0
2025-11-20T20:00:00+00:00,SPX,2025-11-17,6576.61,TREND_DOWN,ABORTED,0.0,-1936.675602460064,0.0,-1928.387602460062,0.0,-1928.387602460062,-1936.675602460064,0.0,False,0
2025-11-20T20:30:00+00:00,SPX,2025-11-17,6566.01,TREND_DOWN,ABORTED,0.0,-1936.675602460064,0.0,-1928.387602460062,0.0,-1928.387602460062,-1936.675602460064,0.0,False,0
2025-11-20T21:00:00+00:00,SPX,2025-11-17,6539.18,TREND_DOWN,ABORTED,0.0,-1936.675602460064,0.0,-1928.387602460062,0.0,-1928.387602460062,-1936.675602460064,0.0,False,0
2025-11-21T14:30:00+00:00,SPX,2025-11-17,6567.25,TREND_DOWN,ABORTED,0.0,-1936.675602460064,0.0,-1928.387602460062,0.0,-1928.387602460062,-1936.675602460064,0.0,False,0
2025-11-21T15:00:00+00:00,SPX,2025-11-17,6552.76,TREND_DOWN,ABORTED,0.0,-1936.675602460064,0.0,-1928.387602460062,0.0,-1928.387602460062,-1936.675602460064,0.0,False,0
2025-11-21T15:30:00+00:00,SPX,2025-11-17,6539.98,TREND_DOWN,ABORTED,0.0,-1936.675602460064,0.0,-1928.387602460062,0.0,-1928.387602460062,-1936.675602460064,0.0,False,0
2025-11-21T16:00:00+00:00,SPX,2025-11-17,6532.87,TREND_DOWN,ABORTED,0.0,-1936.675602460064,0.0,-1928.387602460062,0.0,-1928.387602460062,-1936.675602460064,0.0,False,0
2025-11-21T16:30:00+00:00,SPX,2025-11-17,6572.79,TREND_DOWN,ABORTED,0.0,-1936.675602460064,0.0,-1928.387602460062,0.0,-1928.387602460062,-1936.675602460064,0.0,False,0
2025-11-21T17:00:00+00:00,SPX,2025-11-17,6617.94,TREND_DOWN,ABORTED,0.0,-1936.675602460064,0.0,-1928.387602460062,0.0,-1928.387602460062,-1936.675602460064,0.0,False,0
2025-11-21T17:30:00+00:00,SPX,2025-11-17,6622.87,RANGE,ABORTED,0.0,-1936.675602460064,0.0,-1928.387602460062,0.0,-1928.387602460062,-1936.675602460064,0.0,False,0
2025-11-21T18:00:00+00:00,SPX,2025-11-17,6600.05,TREND_DOWN,ABORTED,0.0,-1936.675602460064,0.0,-1928.387602460062,0.0,-1928.387602460062,-1936.675602460064,0.0,False,0
2025-11-21T18:30:00+00:00,SPX,2025-11-17,6608.08,RANGE,ABORTED,0.0,-1936.675602460064,0.0,-1928.387602460062,0.0,-1928.387602460062,-1936.675602460064,0.0,False,0
2025-11-21T19:00:00+00:00,SPX,2025-11-17,6645.89,RANGE,ABORTED,0.0,-1936.675602460064,0.0,-1928.387602460062,0.0,-1928.387602460062,-1936.675602460064,0.0,False,0
2025-11-21T19:30:00+00:00,SPX,2025-11-17,6644.34,RANGE,ABORTED,0.0,-1936.675602460064,0.0,-1928.387602460062,0.0,-1928.387602460062,-1936.675602460064,0.0,False,0
2025-11-21T20:00:00+00:00,SPX,2025-11-17,6631.44,RANGE,ABORTED,0.0,-1936.675602460064,0.0,-1928.387602460062,0.0,-1928.387602460062,-1936.675602460064,0.0,False,0
2025-11-21T20:30:00+00:00,SPX,2025-11-17,6614.56,RANGE,ABORTED,0.0,-1936.675602460064,0.0,-1928.387602460062,0.0,-1928.387602460062,-1936.675602460064,0.0,False,0
2025-11-21T21:00:00+00:00,SPX,2025-11-17,6603.8,TREND_DOWN,ABORTED,0.0,-1936.675602460064,0.0,-1928.387602460062,0.0,-1928.387602460062,-1936.675602460064,0.0,False,0
2025-11-24T14:30:00+00:00,SPX,2025-11-24,6664.93,RANGE,IDLE,0.0,-1936.675602460064,0.0,-1928.387602460062,0.0,-1928.387602460062,-1936.675602460064,0.0,False,0
2025-11-24T15:00:00+00:00,SPX,2025-11-24,6666.14,RANGE,ACTIVE,-82.66800000000012,-1936.675602460064,-82.668,-1928.387602460062,-82.5,-2010.887602460062,-2019.3436024600642,82.668,False,3
2025-11-24T15:30:00+00:00,SPX,2025-11-24,6673.51,RANGE,ADJUSTED,15.634574168889003,-1936.675602460064,-67.0334258311111,-1928.387602460062,-66.8094258311111,-1995.1970282911732,-2003.7090282911752,110.224,True,4
2025-11-24T16:00:00+00:00,SPX,2025-11-24,6690.52,RANGE,ADJUSTED,-0.8796434750618118,-1936.675602460064,-67.91306930617287,-1928.387602460062,-67.68906930617287,-1996.0766717662348,-2004.588671766237,110.224,True,4
2025-11-24T16:30:00+00:00,SPX,2025-11-24,6693.49,RANGE,ADJUSTED,-0.10887946395041581,-1936.675602460064,-68.02194877012344,-1928.387602460062,-67.79794877012344,-1996.1855512301854,-2004.6975512301874,110.224,True,4
2025-11-24T17:00:00+00:00,SPX,2025-11-24,6687.44,RANGE,ADJUSTED,0.5323309064197019,-1936.675602460064,-67.48961786370369,-1928.387602460062,-67.26561786370368,-1995.6532203237657,-2004.1652203237677,110.224,True,4
2025-11-24T17:30:00+00:00,SPX,2025-11-24,6695.9,RANGE,ADJUSTED,-0.5049628819754162,-1936.675602460064,-67.99458074567899,-1928.387602460062,-67.77058074567898,-1996.158183205741,-2004.6701832057431,110.224,True,4
2025-11-24T18:00:00+00:00,SPX,2025-11-24,6708.53,RANGE,ADJUSTED,-0.8150026690123013,-1936.675602460064,-68.80958341469135,-1928.387602460062,-68.58558341469134,-1996.9731858747534,-2005.4851858747554,110.224,True,4
2025-11-24T18:30:00+00:00,SPX,2025-11-24,6705.68,RANGE,ADJUSTED,0.3006742295060576,-1936.675602460064,-68.50890918518522,-1928.387602460062,-68.2849091851852,-1996.6725116452471,-2005.1845116452494,110.224,True,4
2025-11-24T19:00:00+00:00,SPX,2025-11-24,6710.57,RANGE,ADJUSTED,-0.26429039864183324,-1936.675602460064,-68.77319958382715,-1928.387602460062,-68.54919958382715,-1996.9368020438892,-2005.4488020438912,110.224,True,4
2025-11-24T19:30:00+00:00,SPX,2025-11-24,6699.61,RANGE,ADJUSTED,0.9012648944444663,-1936.675602460064,-67.8719346893827,-1928.387602460062,-67.6479346893827,-1996.0355371494447,-2004.5475371494467,110.224,True,4
2025-11-24T20:00:00+00:00,SPX,2025-11-24,6706.24,RANGE,ADJUSTED,-0.39541306172850454,-1936.675602460064,-68.2673477511111,-1928.387602460062,-68.0433477511111,-1996.430950211173,-2004.9429502111752,110.224,True,4
2025-11-24T20:30:00+00:00,SPX,2025-11-24,6707.58,RANGE,ADJUSTED,-0.006120644444308709,-1936.675602460064,-68.27346839555555,-1928.387602460062,-68.04946839555555,-1996.4370708556175,-2004.9490708556195,110.224,True,4
2025-11-24T21:00:00+00:00,SPX,2025-11-24,6704.67,RANGE,ADJUSTED,0.3125754825925924,-1936.675602460064,-67.96089291296298,-1928.387602460062,-67.73689291296296,-1996.124495373025,-2004.636495373027,110.224,True,4
2025-11-25T14:30:00+00:00,SPX,2025-11-24,6709.59,RANGE,ADJUSTED,2.8668661388887813,-1936.675602460064,-65.0940267740741,-1928.387602460062,-64.87002677407409,-1993.2576292341362,-2001.7696292341382,110.224,True,4
2025-11-25T15:00:00+00:00,SPX,2025-11-24,6679.19,RANGE,ADJUSTED,2.9130430008642634,-1936.675602460064,-62.180983773209846,-1928.387602460062,-61.95698377320984,-1990.344586233272,-1998.856586233274,110.224,True,4
2025-11-25T15:30:00+00:00,SPX,2025-11-24,6710.01,RANGE,ADJUSTED,-2.767225933456757,-1936.675602460064,-64.94820970666669,-1928.387602460062,-64.72420970666668,-1993.1118121667287,-2001.6238121667307,110.224,True,4
2025-11-25T16:00:00+00:00,SPX,2025-11-24,6711.49,RANGE,ADJUSTED,-0.04646346358026676,-1936.675602460064,-64.9946731702469,-1928.387602460062,-64.7706731702469,-1993.158275630309,-2001.670275630311,110.224,True,4
2025-11-25T16:30:00+00:00,SPX,2025-11-24,6721.39,RANGE,ADJUSTED,-0.8413894472839729,-1936.675602460064,-65.8360626175309,-1928.387602460062,-65.6120626175309,-1993.999665077593,-2002.511665077595,110.224,True,4
2025-11-25T17:00:00+00:00,SPX,2025-11-24,6737.38,RANGE,ADJUSTED,-1.4278783417285013,-1936.675602460064,-67.26394095925927,-1928.387602460062,-67.03994095925927,-1995.4275434193212,-2003.9395434193234,110.224,True,4
2025-11-25T17:30:00+00:00,SPX,2025-11-24,6756.2,RANGE,ADJUSTED,-1.7128574901232696,-1936.675602460064,-68.9767984493827,-1928.387602460062,-68.7527984493827,-1997.1404009094447,-2005.6524009094467,110.224,True,4
2025-11-25T18:00:00+00:00,SPX,2025-11-24,6750.39,TREND_UP,ABORTED,0.5698456097527469,-2005.082555299694,0.0,-1996.5145552996917,0.0,-1996.5145552996917,-2005.082555299694,0.0,False,0
2025-11-25T18:30:00+00:00,SPX,2025-11-24,6755.69,RANGE,ABORTED,0.0,-2005.082555299694,0.0,-1996.5145552996917,0.0,-1996.5145552996917,-2005.082555299694,0.0,False,0
2025-11-25T19:00:00+00:00,SPX,2025-11-24,6750.96,RANGE,ABORTED,0.0,-2005.082555299694,0.0,-1996.5145552996917,0.0,-1996.5145552996917,-2005.082555299694,0.0,False,0
2025-11-25T19:30:00+00:00,SPX,2025-11-24,6746.81,RANGE,ABORTED,0.0,-2005.082555299694,0.0,-1996.5145552996917,0.0,-1996.5145552996917,-2005.082555299694,0.0,False,0
2025-11-25T20:00:00+00:00,SPX,2025-11-24,6759.85,RANGE,ABORTED,0.0,-2005.082555299694,0.0,-1996.5145552996917,0.0,-1996.5145552996917,-2005.082555299694,0.0,False,0
2025-11-25T20:30:00+00:00,SPX,2025-11-24,6765.96,RANGE,ABORTED,0.0,-2005.082555299694,0.0,-1996.5145552996917,0.0,-1996.5145552996917,-2005.082555299694,0.0,False,0
2025-11-25T21:00:00+00:00,SPX,2025-11-24,6766.1,TREND_UP,ABORTED,0.0,-2005.082555299694,0.0,-1996.5145552996917,0.0,-1996.5145552996917,-2005.082555299694,0.0,False,0
2025-11-26T14:30:00+00:00,SPX,2025-11-24,6798.18,TREND_UP,ABORTED,0.0,-2005.082555299694,0.0,-1996.5145552996917,0.0,-1996.5145552996917,-2005.082555299694,0.0,False,0
2025-11-26T15:00:00+00:00,SPX,2025-11-24,6791.39,TREND_UP,ABORTED,0.0,-2005.082555299694,0.0,-1996.5145552996917,0.0,-1996.5145552996917,-2005.082555299694,0.0,False,0
2025-11-26T15:30:00+00:00,SPX,2025-11-24,6803.27,TREND_UP,ABORTED,0.0,-2005.082555299694,0.0,-1996.5145552996917,0.0,-1996.5145552996917,-2005.082555299694,0.0,False,0
2025-11-26T16:00:00+00:00,SPX,2025-11-24,6814.46,TREND_UP,ABORTED,0.0,-2005.082555299694,0.0,-1996.5145552996917,0.0,-1996.5145552996917,-2005.082555299694,0.0,False,0
2025-11-26T16:30:00+00:00,SPX,2025-11-24,6822.17,TREND_UP,ABORTED,0.0,-2005.082555299694,0.0,-1996.5145552996917,0.0,-1996.5145552996917,-2005.082555299694,0.0,False,0
2025-11-26T17:00:00+00:00,SPX,2025-11-24,6826.08,TREND_UP,ABORTED,0.0,-2005.082555299694,0.0,-1996.5145552996917,0.0,-1996.5145552996917,-2005.082555299694,0.0,False,0
2025-11-26T17:30:00+00:00,SPX,2025-11-24,6828.0,TREND_UP,ABORTED,0.0,-2005.082555299694,0.0,-1996.5145552996917,0.0,-1996.5145552996917,-2005.082555299694,0.0,False,0
2025-11-26T18:00:00+00:00,SPX,2025-11-24,6828.63,TREND_UP,ABORTED,0.0,-2005.082555299694,0.0,-1996.5145552996917,0.0,-1996.5145552996917,-2005.082555299694,0.0,False,0
2025-11-26T18:30:00+00:00,SPX,2025-11-24,6818.08,RANGE,ABORTED,0.0,-2005.082555299694,0.0,-1996.5145552996917,0.0,-1996.5145552996917,-2005.082555299694,0.0,False,0
2025-11-26T19:00:00+00:00,SPX,2025-11-24,6819.22,RANGE,ABORTED,0.0,-2005.082555299694,0.0,-1996.5145552996917,0.0,-1996.5145552996917,-2005.082555299694,0.0,False,0
2025-11-26T19:30:00+00:00,SPX,2025-11-24,6826.1,RANGE,ABORTED,0.0,-2005.082555299694,0.0,-1996.5145552996917,0.0,-1996.5145552996917,-2005.082555299694,0.0,False,0
2025-11-26T20:00:00+00:00,SPX,2025-11-24,6825.41,RANGE,ABORTED,0.0,-2005.082555299694,0.0,-1996.5145552996917,0.0,-1996.5145552996917,-2005.082555299694,0.0,False,0
2025-11-26T20:30:00+00:00,SPX,2025-11-24,6826.31,TREND_UP,ABORTED,0.0,-2005.082555299694,0.0,-1996.5145552996917,0.0,-1996.5145552996917,-2005.082555299694,0.0,False,0
2025-11-26T21:00:00+00:00,SPX,2025-11-24,6811.76,TREND_UP,ABORTED,0.0,-2005.082555299694,0.0,-1996.5145552996917,0.0,-1996.5145552996917,-2005.082555299694,0.0,False,0
2025-11-28T14:30:00+00:00,SPX,2025-11-24,6829.91,TREND_UP,ABORTED,0.0,-2005.082555299694,0.0,-1996.5145552996917,0.0,-1996.5145552996917,-2005.082555299694,0.0,False,0
2025-11-28T15:00:00+00:00,SPX,2025-11-24,6826.05,TREND_UP,ABORTED,0.0,-2005.082555299694,0.0,-1996.5145552996917,0.0,-1996.5145552996917,-2005.082555299694,0.0,False,0
2025-11-28T15:30:00+00:00,SPX,2025-11-24,6835.43,TREND_UP,ABORTED,0.0,-2005.082555299694,0.0,-1996.5145552996917,0.0,-1996.5145552996917,-2005.082555299694,0.0,False,0
2025-11-28T16:00:00+00:00,SPX,2025-11-24,6841.2,TREND_UP,ABORTED,0.0,-2005.082555299694,0.0,-1996.5145552996917,0.0,-1996.5145552996917,-2005.082555299694,0.0,False,0
2025-11-28T16:30:00+00:00,SPX,2025-11-24,6839.17,TREND_UP,ABORTED,0.0,-2005.082555299694,0.0,-1996.5145552996917,0.0,-1996.5145552996917,-2005.082555299694,0.0,False,0
2025-11-28T17:00:00+00:00,SPX,2025-11-24,6842.67,TREND_UP,ABORTED,0.0,-2005.082555299694,0.0,-1996.5145552996917,0.0,-1996.5145552996917,-2005.082555299694,0.0,False,0
2025-11-28T17:30:00+00:00,SPX,2025-11-24,6837.69,TREND_UP,ABORTED,0.0,-2005.082555299694,0.0,-1996.5145552996917,0.0,-1996.5145552996917,-2005.082555299694,0.0,False,0
2025-11-28T18:00:00+00:00,SPX,2025-11-24,6848.48,TREND_UP,ABORTED,0.0,-2005.082555299694,0.0,-1996.5145552996917,0.0,-1996.5145552996917,-2005.082555299694,0.0,False,0
2025-12-01T14:30:00+00:00,SPX,2025-12-01,6809.33,TREND_UP,IDLE,0.0,-2005.082555299694,0.0,-1996.5145552996917,0.0,-1996.5145552996917,-2005.082555299694,0.0,False,0
2025-12-01T15:00:00+00:00,SPX,2025-12-01,6823.92,TREND_UP,IDLE,0.0,-2005.082555299694,0.0,-1996.5145552996917,0.0,-1996.5145552996917,-2005.082555299694,0.0,False,0
2025-12-01T15:30:00+00:00,SPX,2025-12-01,6805.04,TREND_UP,IDLE,0.0,-2005.082555299694,0.0,-1996.5145552996917,0.0,-1996.5145552996917,-2005.082555299694,0.0,False,0
2025-12-01T16:00:00+00:00,SPX,2025-12-01,6830.69,TREND_UP,IDLE,0.0,-2005.082555299694,0.0,-1996.5145552996917,0.0,-1996.5145552996917,-2005.082555299694,0.0,False,0
2025-12-01T16:30:00+00:00,SPX,2025-12-01,6827.99,TREND_UP,IDLE,0.0,-2005.082555299694,0.0,-1996.5145552996917,0.0,-1996.5145552996917,-2005.082555299694,0.0,False,0
2025-12-01T17:00:00+00:00,SPX,2025-12-01,6835.62,TREND_UP,IDLE,0.0,-2005.082555299694,0.0,-1996.5145552996917,0.0,-1996.5145552996917,-2005.082555299694,0.0,False,0
2025-12-01T17:30:00+00:00,SPX,2025-12-01,6833.68,TREND_UP,IDLE,0.0,-2005.082555299694,0.0,-1996.5145552996917,0.0,-1996.5145552996917,-2005.082555299694,0.0,False,0
2025-12-01T18:00:00+00:00,SPX,2025-12-01,6837.36,TREND_UP,IDLE,0.0,-2005.082555299694,0.0,-1996.5145552996917,0.0,-1996.5145552996917,-2005.082555299694,0.0,False,0
2025-12-01T18:30:00+00:00,SPX,2025-12-01,6840.89,TREND_UP,IDLE,0.0,-2005.082555299694,0.0,-1996.5145552996917,0.0,-1996.5145552996917,-2005.082555299694,0.0,False,0
2025-12-01T19:00:00+00:00,SPX,2025-12-01,6836.22,TREND_UP,IDLE,0.0,-2005.082555299694,0.0,-1996.5145552996917,0.0,-1996.5145552996917,-2005.082555299694,0.0,False,0
2025-12-01T19:30:00+00:00,SPX,2025-12-01,6817.68,TREND_UP,IDLE,0.0,-2005.082555299694,0.0,-1996.5145552996917,0.0,-1996.5145552996917,-2005.082555299694,0.0,False,0
2025-12-01T20:00:00+00:00,SPX,2025-12-01,6817.21,TREND_UP,IDLE,0.0,-2005.082555299694,0.0,-1996.5145552996917,0.0,-1996.5145552996917,-2005.082555299694,0.0,False,0
2025-12-01T20:30:00+00:00,SPX,2025-12-01,6818.67,TREND_UP,IDLE,0.0,-2005.082555299694,0.0,-1996.5145552996917,0.0,-1996.5145552996917,-2005.082555299694,0.0,False,0
2025-12-01T21:00:00+00:00,SPX,2025-12-01,6814.65,TREND_UP,IDLE,0.0,-2005.082555299694,0.0,-1996.5145552996917,0.0,-1996.5145552996917,-2005.082555299694,0.0,False,0
2025-12-02T14:30:00+00:00,SPX,2025-12-01,6833.73,TREND_UP,IDLE,0.0,-2005.082555299694,0.0,-1996.5145552996917,0.0,-1996.5145552996917,-2005.082555299694,0.0,False,0
2025-12-02T15:00:00+00:00,SPX,2025-12-01,6843.97,TREND_UP,IDLE,0.0,-2005.082555299694,0.0,-1996.5145552996917,0.0,-1996.5145552996917,-2005.082555299694,0.0,False,0
2025-12-02T15:30:00+00:00,SPX,2025-12-01,6825.52,TREND_UP,IDLE,0.0,-2005.082555299694,0.0,-1996.5145552996917,0.0,-1996.5145552996917,-2005.082555299694,0.0,False,0
2025-12-02T16:00:00+00:00,SPX,2025-12-01,6848.77,TREND_UP,IDLE,0.0,-2005.082555299694,0.0,-1996.5145552996917,0.0,-1996.5145552996917,-2005.082555299694,0.0,False,0
2025-12-02T16:30:00+00:00,SPX,2025-12-01,6814.11,RANGE,ACTIVE,-82.66800000000012,-2005.082555299694,-82.668,-1996.5145552996917,-82.5,-2079.014555299692,-2087.750555299694,82.668,False,3
2025-12-02T17:00:00+00:00,SPX,2025-12-01,6824.45,TREND_UP,ABORTED,0.0,-2087.750555299694,0.0,-2079.014555299692,0.0,-2079.014555299692,-2087.750555299694,0.0,False,0
2025-12-02T17:30:00+00:00,SPX,2025-12-01,6839.11,TREND_UP,ABORTED,0.0,-2087.750555299694,0.0,-2079.014555299692,0.0,-2079.014555299692,-2087.750555299694,0.0,False,0
2025-12-02T18:00:00+00:00,SPX,2025-12-01,6821.56,RANGE,ABORTED,0.0,-2087.750555299694,0.0,-2079.014555299692,0.0,-2079.014555299692,-2087.750555299694,0.0,False,0
2025-12-02T18:30:00+00:00,SPX,2025-12-01,6820.99,RANGE,ABORTED,0.0,-2087.750555299694,0.0,-2079.014555299692,0.0,-2079.014555299692,-2087.750555299694,0.0,False,0
2025-12-02T19:00:00+00:00,SPX,2025-12-01,6830.29,RANGE,ABORTED,0.0,-2087.750555299694,0.0,-2079.014555299692,0.0,-2079.014555299692,-2087.750555299694,0.0,False,0
2025-12-02T19:30:00+00:00,SPX,2025-12-01,6831.15,RANGE,ABORTED,0.0,-2087.750555299694,0.0,-2079.014555299692,0.0,-2079.014555299692,-2087.750555299694,0.0,False,0
2025-12-02T20:00:00+00:00,SPX,2025-12-01,6835.34,RANGE,ABORTED,0.0,-2087.750555299694,0.0,-2079.014555299692,0.0,-2079.014555299692,-2087.750555299694,0.0,False,0
2025-12-02T20:30:00+00:00,SPX,2025-12-01,6840.78,RANGE,ABORTED,0.0,-2087.750555299694,0.0,-2079.014555299692,0.0,-2079.014555299692,-2087.750555299694,0.0,False,0
2025-12-02T21:00:00+00:00,SPX,2025-12-01,6827.83,RANGE,ABORTED,0.0,-2087.750555299694,0.0,-2079.014555299692,0.0,-2079.014555299692,-2087.750555299694,0.0,False,0
2025-12-03T14:30:00+00:00,SPX,2025-12-01,6819.01,RANGE,ABORTED,0.0,-2087.750555299694,0.0,-2079.014555299692,0.0,-2079.014555299692,-2087.750555299694,0.0,False,0
2025-12-03T15:00:00+00:00,SPX,2025-12-01,6835.94,TREND_UP,ABORTED,0.0,-2087.750555299694,0.0,-2079.014555299692,0.0,-2079.014555299692,-2087.750555299694,0.0,False,0
2025-12-03T15:30:00+00:00,SPX,2025-12-01,6839.33,RANGE,ABORTED,0.0,-2087.750555299694,0.0,-2079.014555299692,0.0,-2079.014555299692,-2087.750555299694,0.0,False,0
2025-12-03T16:00:00+00:00,SPX,2025-12-01,6843.06,RANGE,ABORTED,0.0,-2087.750555299694,0.0,-2079.014555299692,0.0,-2079.014555299692,-2087.750555299694,0.0,False,0
2025-12-03T16:30:00+00:00,SPX,2025-12-01,6846.84,RANGE,ABORTED,0.0,-2087.750555299694,0.0,-2079.014555299692,0.0,-2079.014555299692,-2087.750555299694,0.0,False,0
2025-12-03T17:00:00+00:00,SPX,2025-12-01,6841.2,RANGE,ABORTED,0.0,-2087.750555299694,0.0,-2079.014555299692,0.0,-2079.014555299692,-2087.750555299694,0.0,False,0
2025-12-03T17:30:00+00:00,SPX,2025-12-01,6847.84,RANGE,ABORTED,0.0,-2087.750555299694,0.0,-2079.014555299692,0.0,-2079.014555299692,-2087.750555299694,0.0,False,0
2025-12-03T18:00:00+00:00,SPX,2025-12-01,6852.69,RANGE,ABORTED,0.0,-2087.750555299694,0.0,-2079.014555299692,0.0,-2079.014555299692,-2087.750555299694,0.0,False,0
2025-12-03T18:30:00+00:00,SPX,2025-12-01,6853.21,RANGE,ABORTED,0.0,-2087.750555299694,0.0,-2079.014555299692,0.0,-2079.014555299692,-2087.750555299694,0.0,False,0
2025-12-03T19:00:00+00:00,SPX,2025-12-01,6856.32,RANGE,ABORTED,0.0,-2087.750555299694,0.0,-2079.014555299692,0.0,-2079.014555299692,-2087.750555299694,0.0,False,0
2025-12-03T19:30:00+00:00,SPX,2025-12-01,6855.92,RANGE,ABORTED,0.0,-2087.750555299694,0.0,-2079.014555299692,0.0,-2079.014555299692,-2087.750555299694,0.0,False,0
2025-12-03T20:00:00+00:00,SPX,2025-12-01,6859.1,RANGE,ABORTED,0.0,-2087.750555299694,0.0,-2079.014555299692,0.0,-2079.014555299692,-2087.750555299694,0.0,False,0
2025-12-03T20:30:00+00:00,SPX,2025-12-01,6855.99,RANGE,ABORTED,0.0,-2087.750555299694,0.0,-2079.014555299692,0.0,-2079.014555299692,-2087.750555299694,0.0,False,0
2025-12-03T21:00:00+00:00,SPX,2025-12-01,6850.51,RANGE,ABORTED,0.0,-2087.750555299694,0.0,-2079.014555299692,0.0,-2079.014555299692,-2087.750555299694,0.0,False,0
2025-12-04T14:30:00+00:00,SPX,2025-12-01,6851.16,RANGE,ABORTED,0.0,-2087.750555299694,0.0,-2079.014555299692,0.0,-2079.014555299692,-2087.750555299694,0.0,False,0
2025-12-04T15:00:00+00:00,SPX,2025-12-01,6844.6,RANGE,ABORTED,0.0,-2087.750555299694,0.0,-2079.014555299692,0.0,-2079.014555299692,-2087.750555299694,0.0,False,0
2025-12-04T15:30:00+00:00,SPX,2025-12-01,6851.12,RANGE,ABORTED,0.0,-2087.750555299694,0.0,-2079.014555299692,0.0,-2079.014555299692,-2087.750555299694,0.0,False,0
2025-12-04T16:00:00+00:00,SPX,2025-12-01,6840.32,RANGE,ABORTED,0.0,-2087.750555299694,0.0,-2079.014555299692,0.0,-2079.014555299692,-2087.750555299694,0.0,False,0
2025-12-04T16:30:00+00:00,SPX,2025-12-01,6844.35,RANGE,ABORTED,0.0,-2087.750555299694,0.0,-2079.014555299692,0.0,-2079.014555299692,-2087.750555299694,0.0,False,0
2025-12-04T17:00:00+00:00,SPX,2025-12-01,6855.13,RANGE,ABORTED,0.0,-2087.750555299694,0.0,-2079.014555299692,0.0,-2079.014555299692,-2087.750555299694,0.0,False,0
2025-12-04T17:30:00+00:00,SPX,2025-12-01,6852.1,RANGE,ABORTED,0.0,-2087.750555299694,0.0,-2079.014555299692,0.0,-2079.014555299692,-2087.750555299694,0.0,False,0
2025-12-04T18:00:00+00:00,SPX,2025-12-01,6854.66,RANGE,ABORTED,0.0,-2087.750555299694,0.0,-2079.014555299692,0.0,-2079.014555299692,-2087.750555299694,0.0,False,0
2025-12-04T18:30:00+00:00,SPX,2025-12-01,6858.23,RANGE,ABORTED,0.0,-2087.750555299694,0.0,-2079.014555299692,0.0,-2079.014555299692,-2087.750555299694,0.0,False,0
2025-12-04T19:00:00+00:00,SPX,2025-12-01,6852.45,RANGE,ABORTED,0.0,-2087.750555299694,0.0,-2079.014555299692,0.0,-2079.014555299692,-2087.750555299694,0.0,False,0
2025-12-04T19:30:00+00:00,SPX,2025-12-01,6843.31,RANGE,ABORTED,0.0,-2087.750555299694,0.0,-2079.014555299692,0.0,-2079.014555299692,-2087.750555299694,0.0,False,0
2025-12-04T20:00:00+00:00,SPX,2025-12-01,6841.61,RANGE,ABORTED,0.0,-2087.750555299694,0.0,-2079.014555299692,0.0,-2079.014555299692,-2087.750555299694,0.0,False,0
2025-12-04T20:30:00+00:00,SPX,2025-12-01,6844.17,RANGE,ABORTED,0.0,-2087.750555299694,0.0,-2079.014555299692,0.0,-2079.014555299692,-2087.750555299694,0.0,False,0
2025-12-04T21:00:00+00:00,SPX,2025-12-01,6857.96,RANGE,ABORTED,0.0,-2087.750555299694,0.0,-2079.014555299692,0.0,-2079.014555299692,-2087.750555299694,0.0,False,0
2025-12-05T14:30:00+00:00,SPX,2025-12-01,6873.67,RANGE,ABORTED,0.0,-2087.750555299694,0.0,-2079.014555299692,0.0,-2079.014555299692,-2087.750555299694,0.0,False,0
2025-12-05T15:00:00+00:00,SPX,2025-12-01,6888.83,RANGE,ABORTED,0.0,-2087.750555299694,0.0,-2079.014555299692,0.0,-2079.014555299692,-2087.750555299694,0.0,False,0
2025-12-05T15:30:00+00:00,SPX,2025-12-01,6895.05,RANGE,ABORTED,0.0,-2087.750555299694,0.0,-2079.014555299692,0.0,-2079.014555299692,-2087.750555299694,0.0,False,0
2025-12-05T16:00:00+00:00,SPX,2025-12-01,6878.48,RANGE,ABORTED,0.0,-2087.750555299694,0.0,-2079.014555299692,0.0,-2079.014555299692,-2087.750555299694,0.0,False,0
2025-12-05T16:30:00+00:00,SPX,2025-12-01,6866.42,RANGE,ABORTED,0.0,-2087.750555299694,0.0,-2079.014555299692,0.0,-2079.014555299692,-2087.750555299694,0.0,False,0
2025-12-05T17:00:00+00:00,SPX,2025-12-01,6872.27,RANGE,ABORTED,0.0,-2087.750555299694,0.0,-2079.014555299692,0.0,-2079.014555299692,-2087.750555299694,0.0,False,0
2025-12-05T17:30:00+00:00,SPX,2025-12-01,6862.28,RANGE,ABORTED,0.0,-2087.750555299694,0.0,-2079.014555299692,0.0,-2079.014555299692,-2087.750555299694,0.0,False,0
2025-12-05T18:00:00+00:00,SPX,2025-12-01,6875.59,RANGE,ABORTED,0.0,-2087.750555299694,0.0,-2079.014555299692,0.0,-2079.014555299692,-2087.750555299694,0.0,False,0
2025-12-05T18:30:00+00:00,SPX,2025-12-01,6880.55,RANGE,ABORTED,0.0,-2087.750555299694,0.0,-2079.014555299692,0.0,-2079.014555299692,-2087.750555299694,0.0,False,0
2025-12-05T19:00:00+00:00,SPX,2025-12-01,6872.04,RANGE,ABORTED,0.0,-2087.750555299694,0.0,-2079.014555299692,0.0,-2079.014555299692,-2087.750555299694,0.0,False,0
2025-12-05T19:30:00+00:00,SPX,2025-12-01,6871.82,RANGE,ABORTED,0.0,-2087.750555299694,0.0,-2079.014555299692,0.0,-2079.014555299692,-2087.750555299694,0.0,False,0
2025-12-05T20:00:00+00:00,SPX,2025-12-01,6871.13,RANGE,ABORTED,0.0,-2087.750555299694,0.0,-2079.014555299692,0.0,-2079.014555299692,-2087.750555299694,0.0,False,0
2025-12-05T20:30:00+00:00,SPX,2025-12-01,6871.0,RANGE,ABORTED,0.0,-2087.750555299694,0.0,-2079.014555299692,0.0,-2079.014555299692,-2087.750555299694,0.0,False,0
2025-12-05T21:00:00+00:00,SPX,2025-12-01,6869.07,RANGE,ABORTED,0.0,-2087.750555299694,0.0,-2079.014555299692,0.0,-2079.014555299692,-2087.750555299694,0.0,False,0
2025-12-08T14:30:00+00:00,SPX,2025-12-08,6873.34,RANGE,IDLE,0.0,-2087.750555299694,0.0,-2079.014555299692,0.0,-2079.014555299692,-2087.750555299694,0.0,False,0
2025-12-08T15:00:00+00:00,SPX,2025-12-08,6868.24,RANGE,ACTIVE,-82.66800000000012,-2087.750555299694,-82.668,-2079.014555299692,-82.5,-2161.514555299692,-2170.418555299694,82.668,False,3
2025-12-08T15:30:00+00:00,SPX,2025-12-08,6860.28,RANGE,ADJUSTED,15.719213937778022,-2087.750555299694,-66.94878606222221,-2079.014555299692,-66.7247860622222,-2145.7393413619143,-2154.699341361916,110.224,True,4
2025-12-08T16:00:00+00:00,SPX,2025-12-08,6844.65,RANGE,ADJUSTED,-0.9523091260493857,-2087.750555299694,-67.90109518827164,-2079.014555299692,-67.67709518827164,-2146.6916504879637,-2155.6516504879655,110.224,True,4
2025-12-08T16:30:00+00:00,SPX,2025-12-08,6848.12,RANGE,ADJUSTED,0.34793920604943196,-2087.750555299694,-67.55315598222224,-2079.014555299692,-67.32915598222223,-2146.3437112819142,-2155.303711281916,110.224,True,4
2025-12-08T17:00:00+00:00,SPX,2025-12-08,6839.05,RANGE,ADJUSTED,-0.5441398640741681,-2087.750555299694,-68.09729584629629,-2079.014555299692,-67.87329584629629,-2146.887851145988,-2155.8478511459903,110.224,True,4
2025-12-08T17:30:00+00:00,SPX,2025-12-08,6838.57,RANGE,ADJUSTED,0.06461166012331887,-2087.750555299694,-68.03268418617287,-2079.014555299692,-67.80868418617285,-2146.8232394858646,-2155.783239485867,110.224,True,4
2025-12-08T18:00:00+00:00,SPX,2025-12-08,6848.73,RANGE,ADJUSTED,0.8342584107408584,-2087.750555299694,-67.19842577543213,-2079.014555299692,-66.97442577543212,-2145.9889810751242,-2154.948981075126,110.224,True,4
2025-12-08T18:30:00+00:00,SPX,2025-12-08,6836.54,RANGE,ADJUSTED,-0.784399446790303,-2087.750555299694,-67.98282522222223,-2079.014555299692,-67.75882522222221,-2146.773380521914,-2155.7333805219164,110.224,True,4
2025-12-08T19:00:00+00:00,SPX,2025-12-08,6831.98,RANGE,ADJUSTED,-0.2365774807408343,-2087.750555299694,-68.219402702963,-2079.014555299692,-67.99540270296299,-2147.009958002655,-2155.969958002657,110.224,True,4
2025-12-08T19:30:00+00:00,SPX,2025-12-08,6836.59,RANGE,ADJUSTED,0.4360716283954389,-2087.750555299694,-67.7833310745679,-2079.014555299692,-67.5593310745679,-2146.57388637426,-2155.533886374262,110.224,True,4
2025-12-08T20:00:00+00:00,SPX,2025-12-08,6834.44,RANGE,ADJUSTED,-0.061867085432368185,-2087.750555299694,-67.84519816000004,-2079.014555299692,-67.62119816000003,-2146.635753459692,-2155.595753459694,110.224,True,4
2025-12-08T20:30:00+00:00,SPX,2025-12-08,6833.73,RANGE,ADJUSTED,0.043767465432210884,-2087.750555299694,-67.80143069456794,-2079.014555299692,-67.57743069456794,-2146.5919859942596,-2155.551985994262,110.224,True,4
2025-12-08T21:00:00+00:00,SPX,2025-12-08,6847.84,RANGE,ADJUSTED,1.1589294525924743,-2087.750555299694,-66.6425012419753,-2079.014555299692,-66.41850124197529,-2145.433056541667,-2154.3930565416695,110.224,True,4
2025-12-09T14:30:00+00:00,SPX,2025-12-08,6846.15,RANGE,ADJUSTED,3.4626817296298213,-2087.750555299694,-63.179819512345716,-2079.014555299692,-62.95581951234571,-2141.970374812038,-2150.9303748120396,110.224,True,4
2025-12-09T15:00:00+00:00,SPX,2025-12-08,6857.55,RANGE,ADJUSTED,1.1602750228394143,-2087.750555299694,-62.01954448950616,-2079.014555299692,-61.795544489506156,-2140.810099789198,-2149.7700997892002,110.224,True,4
2025-12-09T15:30:00+00:00,SPX,2025-12-08,6853.74,RANGE,ADJUSTED,-0.24724003197525235,-2087.750555299694,-62.26678452148151,-2079.014555299692,-62.0427845214815,-2141.057339821173,-2150.0173398211755,110.224,True,4
2025-12-09T16:00:00+00:00,SPX,2025-12-08,6857.62,RANGE,ADJUSTED,0.47001691678997304,-2087.750555299694,-61.79676760469137,-2079.014555299692,-61.572767604691364,-2140.587322904383,-2149.5473229043855,110.224,True,4
2025-12-09T16:30:00+00:00,SPX,2025-12-08,6863.48,RANGE,ADJUSTED,0.004478757284232415,-2087.750555299694,-61.79228884740736,-2079.014555299692,-61.56828884740736,-2140.5828441470994,-2149.5428441471013,110.224,True,4
2025-12-09T17:00:00+00:00,SPX,2025-12-08,6862.84,RANGE,ADJUSTED,0.1682302844442347,-2087.750555299694,-61.62405856296297,-2079.014555299692,-61.40005856296297,-2140.4146138626547,-2149.374613862657,110.224,True,4
2025-12-09T17:30:00+00:00,SPX,2025-12-08,6854.49,RANGE,ADJUSTED,-0.14629311753105867,-2087.750555299694,-61.770351680493846,-2079.014555299692,-61.54635168049384,-2140.560906980186,-2149.520906980188,110.224,True,4
2025-12-09T18:00:00+00:00,SPX,2025-12-08,6854.74,RANGE,ADJUSTED,0.13054460222247144,-2087.750555299694,-61.63980707827163,-2079.014555299692,-61.41580707827163,-2140.4303623779633,-2149.3903623779656,110.224,True,4
2025-12-09T18:30:00+00:00,SPX,2025-12-08,6852.29,RANGE,ADJUSTED,-0.1289027150619404,-2087.750555299694,-61.76870979333334,-2079.014555299692,-61.54470979333333,-2140.5592650930253,-2149.5192650930276,110.224,True,4
2025-12-09T19:00:00+00:00,SPX,2025-12-08,6850.33,RANGE,ADJUSTED,-0.08391597839499809,-2087.750555299694,-61.85262577172841,-2079.014555299692,-61.6286257717284,-2140.6431810714203,-2149.6031810714226,110.224,True,4
2025-12-09T19:30:00+00:00,SPX,2025-12-08,6847.74,RANGE,ADJUSTED,-0.14702662333320404,-2087.750555299694,-61.999652395061744,-2079.014555299692,-61.77565239506174,-2140.7902076947535,-2149.7502076947558,110.224,True,4
2025-12-09T20:00:00+00:00,SPX,2025-12-08,6848.29,RANGE,ADJUSTED,0.1570431065433695,-2087.750555299694,-61.84260928851853,-2079.014555299692,-61.61860928851852,-2140.6331645882105,-2149.5931645882124,110.224,True,4
2025-12-09T20:30:00+00:00,SPX,2025-12-08,6842.27,RANGE,ADJUSTED,-0.4871012870371487,-2087.750555299694,-62.32971057555551,-2079.014555299692,-62.105710575555506,-2141.1202658752472,-2150.0802658752496,110.224,True,4
2025-12-09T21:00:00+00:00,SPX,2025-12-08,6840.32,RANGE,ADJUSTED,-0.09160564518515457,-2087.750555299694,-62.42131622074078,-2079.014555299692,-62.19731622074077,-2141.211871520433,-2150.1718715204347,110.224,True,4
2025-12-10T14:30:00+00:00,SPX,2025-12-08,6832.82,RANGE,ADJUSTED,2.6237162518518744,-2087.750555299694,-59.79759996888892,-2079.014555299692,-59.573599968888914,-2138.588155268581,-2147.548155268583,110.224,True,4
2025-12-10T15:00:00+00:00,SPX,2025-12-08,6840.32,RANGE,ADJUSTED,0.9668286548148899,-2087.750555299694,-58.83077131407411,-2079.014555299692,-58.6067713140741,-2137.621326613766,-2146.581326613768,110.224,True,4
2025-12-10T15:30:00+00:00,SPX,2025-12-08,6835.42,RANGE,ADJUSTED,-0.4715227896299439,-2087.750555299694,-59.3022941037037,-2079.014555299692,-59.07829410370369,-2138.0928494033956,-2147.052849403398,110.224,True,4
2025-12-10T16:00:00+00:00,SPX,2025-12-08,6830.08,RANGE,ADJUSTED,-0.5277938572839957,-2087.750555299694,-59.83008796098767,-2079.014555299692,-59.606087960987665,-2138.6206432606796,-2147.580643260682,110.224,True,4
2025-12-10T16:30:00+00:00,SPX,2025-12-08,6848.45,RANGE,ADJUSTED,2.2542527795062597,-2087.750555299694,-57.57583518148151,-2079.014555299692,-57.3518351814815,-2136.3663904811733,-2145.3263904811756,110.224,True,4
2025-12-10T17:00:00+00:00,SPX,2025-12-08,6845.5,RANGE,ADJUSTED,-0.2445343185186175,-2087.750555299694,-57.8203695,-2079.014555299692,-57.596369499999994,-2136.610924799692,-2145.5709247996942,110.224,True,4
2025-12-10T17:30:00+00:00,SPX,2025-12-08,6843.64,RANGE,ADJUSTED,-0.11820616024670016,-2087.750555299694,-57.93857566024687,-2079.014555299692,-57.714575660246865,-2136.7291309599386,-2145.689130959941,110.224,True,4
2025-12-10T18:00:00+00:00,SPX,2025-12-08,6848.38,RANGE,ADJUSTED,0.6654694960493543,-2087.750555299694,-57.273106164197515,-2079.014555299692,-57.04910616419751,-2136.0636614638893,-2145.0236614638916,110.224,True,4
2025-12-10T18:30:00+00:00,SPX,2025-12-08,6840.91,RANGE,ADJUSTED,-0.7889996454318862,-2087.750555299694,-58.06210580962964,-2079.014555299692,-57.83810580962964,-2136.8526611093216,-2145.8126611093235,110.224,True,4
2025-12-10T19:00:00+00:00,SPX,2025-12-08,6849.47,RANGE,ADJUSTED,1.1270875285181319,-2087.750555299694,-56.935018281111084,-2079.014555299692,-56.71101828111108,-2135.725573580803,-2144.6855735808053,110.224,True,4
2025-12-10T19:30:00+00:00,SPX,2025-12-08,6871.15,RANGE,ADJUSTED,0.029490819382772315,-2087.750555299694,-56.905527461728354,-2079.014555299692,-56.68152746172835,-2135.6960827614203,-2144.6560827614226,110.224,True,4
2025-12-10T20:00:00+00:00,SPX,2025-12-08,6893.04,RANGE,ADJUSTED,-2.5438369841972417,-2087.750555299694,-59.44936444592592,-2079.014555299692,-59.22536444592592,-2138.239919745618,-2147.19991974562,110.224,True,4
2025-12-10T20:30:00+00:00,SPX,2025-12-08,6898.23,RANGE,ADJUSTED,-0.5370331158023873,-2087.750555299694,-59.98639756172835,-2079.014555299692,-59.76239756172834,-2138.7769528614203,-2147.736952861422,110.224,True,4
2025-12-10T21:00:00+00:00,SPX,2025-12-08,6886.95,RANGE,ADJUSTED,1.4660643623456053,-2087.750555299694,-58.520333199382705,-2079.014555299692,-58.296333199382694,-2137.3108884990747,-2146.2708884990766,110.224,True,4
2025-12-11T14:30:00+00:00,SPX,2025-12-08,6857.02,RANGE,ADJUSTED,6.697330592468916,-2087.750555299694,-51.82300260691352,-2079.014555299692,-51.599002606913515,-2130.6135579066054,-2139.5735579066077,110.224,True,4
2025-12-11T15:00:00+00:00,SPX,2025-12-08,6843.98,RANGE,ADJUSTED,-1.7101177730864947,-2087.750555299694,-53.53312038000007,-2079.014555299692,-53.30912038000006,-2132.323675679692,-2141.283675679694,110.224,True,4
2025-12-11T15:30:00+00:00,SPX,2025-12-08,6870.79,RANGE,ADJUSTED,0.8331945844447546,-2087.750555299694,-52.69992579555556,-2079.014555299692,-52.47592579555555,-2131.4904810952476,-2140.4504810952494,110.224,True,4
2025-12-11T16:00:00+00:00,SPX,2025-12-08,6868.53,RANGE,ADJUSTED,0.4213286475305722,-2087.750555299694,-52.27859714802466,-2079.014555299692,-52.054597148024655,-2131.0691524477165,-2140.029152447719,110.224,True,4
2025-12-11T16:30:00+00:00,SPX,2025-12-08,6863.91,RANGE,ADJUSTED,0.7559821690124409,-2087.750555299694,-51.52261497901233,-2079.014555299692,-51.29861497901233,-2130.313170278704,-2139.2731702787064,110.224,True,4
2025-12-11T17:00:00+00:00,SPX,2025-12-08,6870.67,RANGE,ADJUSTED,-0.8481804480247774,-2087.750555299694,-52.37079542703705,-2079.014555299692,-52.14679542703705,-2131.161350726729,-2140.121350726731,110.224,True,4
2025-12-11T17:30:00+00:00,SPX,2025-12-08,6888.13,RANGE,ADJUSTED,-2.3724735127161694,-2087.750555299694,-54.743268939753094,-2079.014555299692,-54.51926893975309,-2133.533824239445,-2142.4938242394473,110.224,True,4
2025-12-11T18:00:00+00:00,SPX,2025-12-08,6888.65,RANGE,ADJUSTED,0.021621419382881868,-2087.750555299694,-54.721647520370325,-2079.014555299692,-54.49764752037032,-2133.512202820062,-2142.4722028200645,110.224,True,4
2025-12-11T18:30:00+00:00,SPX,2025-12-08,6886.53,RANGE,ADJUSTED,0.39814792111110364,-2087.750555299694,-54.32349959925922,-2079.014555299692,-54.09949959925922,-2133.114054898951,-2142.0740548989534,110.224,True,4
2025-12-11T19:00:00+00:00,SPX,2025-12-08,6894.38,RANGE,ADJUSTED,-1.0285014340738599,-2087.750555299694,-55.35200103333335,-2079.014555299692,-55.12800103333335,-2134.1425563330254,-2143.102556333027,110.224,True,4
2025-12-11T19:30:00+00:00,SPX,2025-12-08,6898.95,RANGE,ADJUSTED,-0.5645080086419512,-2087.750555299694,-55.91650904197529,-2079.014555299692,-55.69250904197528,-2134.7070643416673,-2143.667064341669,110.224,True,4
2025-12-11T20:00:00+00:00,SPX,2025-12-08,6901.72,RANGE,ADJUSTED,-0.30925770469139024,-2087.750555299694,-56.22576674666671,-2079.014555299692,-56.0017667466667,-2135.0163220463587,-2143.9763220463606,110.224,True,4
2025-12-11T20:30:00+00:00,SPX,2025-12-08,6894.22,RANGE,ADJUSTED,1.174716829135832,-2087.750555299694,-55.051049917530904,-2079.014555299692,-54.8270499175309,-2133.841605217223,-2142.8016052172247,110.224,True,4
2025-12-11T21:00:00+00:00,SPX,2025-12-08,6902.1,RANGE,ADJUSTED,-1.0518473207407624,-2087.750555299694,-56.102897238271666,-2079.014555299692,-55.878897238271655,-2134.8934525379636,-2143.8534525379655,110.224,True,4
2025-12-12T14:30:00+00:00,SPX,2025-12-08,6895.42,RANGE,EXITED,4.13742838444432,-2139.716024153521,0.0,-2130.7000241535193,0.0,-2130.7000241535193,-2139.716024153521,0.0,False,0
2025-12-12T15:00:00+00:00,SPX,2025-12-08,6876.94,RANGE,EXITED,0.0,-2139.716024153521,0.0,-2130.7000241535193,0.0,-2130.7000241535193,-2139.716024153521,0.0,False,0
2025-12-12T15:30:00+00:00,SPX,2025-12-08,6853.0,RANGE,EXITED,0.0,-2139.716024153521,0.0,-2130.7000241535193,0.0,-2130.7000241535193,-2139.716024153521,0.0,False,0
2025-12-12T16:00:00+00:00,SPX,2025-12-08,6817.24,RANGE,EXITED,0.0,-2139.716024153521,0.0,-2130.7000241535193,0.0,-2130.7000241535193,-2139.716024153521,0.0,False,0
2025-12-12T16:30:00+00:00,SPX,2025-12-08,6812.04,RANGE,EXITED,0.0,-2139.716024153521,0.0,-2130.7000241535193,0.0,-2130.7000241535193,-2139.716024153521,0.0,False,0
2025-12-12T17:00:00+00:00,SPX,2025-12-08,6822.52,RANGE,EXITED,0.0,-2139.716024153521,0.0,-2130.7000241535193,0.0,-2130.7000241535193,-2139.716024153521,0.0,False,0
2025-12-12T17:30:00+00:00,SPX,2025-12-08,6827.97,RANGE,EXITED,0.0,-2139.716024153521,0.0,-2130.7000241535193,0.0,-2130.7000241535193,-2139.716024153521,0.0,False,0
2025-12-12T18:00:00+00:00,SPX,2025-12-08,6838.43,RANGE,EXITED,0.0,-2139.716024153521,0.0,-2130.7000241535193,0.0,-2130.7000241535193,-2139.716024153521,0.0,False,0
2025-12-12T18:30:00+00:00,SPX,2025-12-08,6846.48,RANGE,EXITED,0.0,-2139.716024153521,0.0,-2130.7000241535193,0.0,-2130.7000241535193,-2139.716024153521,0.0,False,0
2025-12-12T19:00:00+00:00,SPX,2025-12-08,6834.68,RANGE,EXITED,0.0,-2139.716024153521,0.0,-2130.7000241535193,0.0,-2130.7000241535193,-2139.716024153521,0.0,False,0
2025-12-12T19:30:00+00:00,SPX,2025-12-08,6828.32,RANGE,EXITED,0.0,-2139.716024153521,0.0,-2130.7000241535193,0.0,-2130.7000241535193,-2139.716024153521,0.0,False,0
2025-12-12T20:00:00+00:00,SPX,2025-12-08,6829.08,RANGE,EXITED,0.0,-2139.716024153521,0.0,-2130.7000241535193,0.0,-2130.7000241535193,-2139.716024153521,0.0,False,0
2025-12-12T20:30:00+00:00,SPX,2025-12-08,6820.46,RANGE,EXITED,0.0,-2139.716024153521,0.0,-2130.7000241535193,0.0,-2130.7000241535193,-2139.716024153521,0.0,False,0
2025-12-12T21:00:00+00:00,SPX,2025-12-08,6827.89,RANGE,EXITED,0.0,-2139.716024153521,0.0,-2130.7000241535193,0.0,-2130.7000241535193,-2139.716024153521,0.0,False,0
2025-12-15T14:30:00+00:00,SPX,2025-12-15,6847.54,RANGE,IDLE,0.0,-2139.716024153521,0.0,-2130.7000241535193,0.0,-2130.7000241535193,-2139.716024153521,0.0,False,0
2025-12-15T15:00:00+00:00,SPX,2025-12-15,6823.97,RANGE,ACTIVE,-82.66800000000012,-2139.716024153521,-82.668,-2130.7000241535193,-82.5,-2213.2000241535193,-2222.3840241535213,82.668,False,3
2025-12-15T15:30:00+00:00,SPX,2025-12-15,6818.52,RANGE,ADJUSTED,15.635273671111463,-2139.716024153521,-67.03272632888886,-2130.7000241535193,-66.80872632888885,-2197.5087504824082,-2206.74875048241,110.224,True,4
2025-12-15T16:00:00+00:00,SPX,2025-12-15,6819.58,RANGE,ADJUSTED,0.1832404362962734,-2139.716024153521,-66.8494858925926,-2130.7000241535193,-66.6254858925926,-2197.325510046112,-2206.5655100461136,110.224,True,4
2025-12-15T16:30:00+00:00,SPX,2025-12-15,6824.07,RANGE,ADJUSTED,-0.14977119802506422,-2139.716024153521,-66.99925709061726,-2130.7000241535193,-66.77525709061726,-2197.4752812441366,-2206.7152812441386,110.224,True,4
2025-12-15T17:00:00+00:00,SPX,2025-12-15,6816.64,RANGE,ADJUSTED,0.15801949506203528,-2139.716024153521,-66.84123759555554,-2130.7000241535193,-66.61723759555554,-2197.317261749075,-2206.5572617490766,110.224,True,4
2025-12-15T17:30:00+00:00,SPX,2025-12-15,6811.91,RANGE,ADJUSTED,-0.23239018271624445,-2139.716024153521,-67.07362777827161,-2130.7000241535193,-66.84962777827161,-2197.549651931791,-2206.789651931793,110.224,True,4
2025-12-15T18:00:00+00:00,SPX,2025-12-15,6814.78,RANGE,ADJUSTED,0.31309525160486373,-2139.716024153521,-66.7605325266667,-2130.7000241535193,-66.53653252666669,-2197.236556680186,-2206.476556680188,110.224,True,4
2025-12-15T18:30:00+00:00,SPX,2025-12-15,6808.43,RANGE,ADJUSTED,-0.35593004740712786,-2139.716024153521,-67.11646257407405,-2130.7000241535193,-66.89246257407405,-2197.5924867275935,-2206.832486727595,110.224,True,4
2025-12-15T19:00:00+00:00,SPX,2025-12-15,6823.51,RANGE,ADJUSTED,0.6948825929625855,-2139.716024153521,-66.42157998111114,-2130.7000241535193,-66.19757998111112,-2196.8976041346305,-2206.1376041346325,110.224,True,4
2025-12-15T19:30:00+00:00,SPX,2025-12-15,6816.74,RANGE,ADJUSTED,0.12605127197548427,-2139.716024153521,-66.29552870913582,-2130.7000241535193,-66.07152870913582,-2196.771552862655,-2206.011552862657,110.224,True,4
2025-12-15T20:00:00+00:00,SPX,2025-12-15,6822.6,RANGE,ADJUSTED,0.15676622024693643,-2139.716024153521,-66.13876248888891,-2130.7000241535193,-65.91476248888891,-2196.614786642408,-2205.85478664241,110.224,True,4
2025-12-15T20:30:00+00:00,SPX,2025-12-15,6816.63,RANGE,ADJUSTED,0.05043216716057941,-2139.716024153521,-66.08833032172839,-2130.7000241535193,-65.86433032172839,-2196.5643544752475,-2205.8043544752495,110.224,True,4
2025-12-15T21:00:00+00:00,SPX,2025-12-15,6816.34,RANGE,ADJUSTED,0.08582503654315587,-2139.716024153521,-66.00250528518518,-2130.7000241535193,-65.77850528518518,-2196.4785294387043,-2205.7185294387064,110.224,True,4
2025-12-16T14:30:00+00:00,SPX,2025-12-15,6804.31,RANGE,ADJUSTED,2.6528621777779335,-2139.716024153521,-63.349643107407374,-2130.7000241535193,-63.12564310740737,-2193.825667260927,-2203.0656672609284,110.224,True,4
2025-12-16T15:00:00+00:00,SPX,2025-12-15,6807.96,RANGE,ADJUSTED,0.4403269335798541,-2139.716024153521,-62.909316173827165,-2130.7000241535193,-62.68531617382716,-2193.3853403273465,-2202.6253403273486,110.224,True,4
2025-12-16T15:30:00+00:00,SPX,2025-12-15,6790.24,RANGE,ADJUSTED,-1.5492419772836001,-2139.716024153521,-64.45855815111113,-2130.7000241535193,-64.23455815111113,-2194.9345823046306,-2204.174582304632,110.224,True,4
2025-12-16T16:00:00+00:00,SPX,2025-12-15,6796.23,RANGE,ADJUSTED,0.6564196860490483,-2139.716024153521,-63.80213846506177,-2130.7000241535193,-63.57813846506177,-2194.278162618581,-2203.518162618583,110.224,True,4
2025-12-16T16:30:00+00:00,SPX,2025-12-15,6784.01,RANGE,ADJUSTED,-1.0538438166663582,-2139.716024153521,-64.85598228172837,-2130.7000241535193,-64.63198228172837,-2195.3320064352474,-2204.5720064352495,110.224,True,4
2025-12-16T17:00:00+00:00,SPX,2025-12-15,6794.85,RANGE,ADJUSTED,1.1186254946915142,-2139.716024153521,-63.737356787037,-2130.7000241535193,-63.513356787037,-2194.2133809405564,-2203.453380940558,110.224,True,4
2025-12-16T17:30:00+00:00,SPX,2025-12-15,6788.97,RANGE,ADJUSTED,-0.4627547235804741,-2139.716024153521,-64.20011151061726,-2130.7000241535193,-63.97611151061726,-2194.6761356641364,-2203.9161356641384,110.224,True,4
2025-12-16T18:00:00+00:00,SPX,2025-12-15,6767.06,RANGE,ADJUSTED,-2.002470840740898,-2139.716024153521,-66.20258235135799,-2130.7000241535193,-65.97858235135799,-2196.6786065048773,-2205.9186065048793,110.224,True,4
2025-12-16T18:30:00+00:00,SPX,2025-12-15,6774.54,RANGE,ADJUSTED,0.8030188358025043,-2139.716024153521,-65.39956351555556,-2130.7000241535193,-65.17556351555555,-2195.875587669075,-2205.115587669077,110.224,True,4
2025-12-16T19:00:00+00:00,SPX,2025-12-15,6774.74,RANGE,ADJUSTED,0.10654778987645841,-2139.716024153521,-65.29301572567904,-2130.7000241535193,-65.06901572567904,-2195.7690398791983,-2205.0090398792004,110.224,True,4
2025-12-16T19:30:00+00:00,SPX,2025-12-15,6783.48,RANGE,ADJUSTED,0.9364294540741867,-2139.716024153521,-64.35658627160498,-2130.7000241535193,-64.13258627160498,-2194.832610425124,-2204.072610425126,110.224,True,4
2025-12-16T20:00:00+00:00,SPX,2025-12-15,6796.49,RANGE,ADJUSTED,1.3618385312347527,-2139.716024153521,-62.9947477403704,-2130.7000241535193,-62.77074774037039,-2193.47077189389,-2202.7107718938914,110.224,True,4
2025-12-16T20:30:00+00:00,SPX,2025-12-15,6807.59,RANGE,ADJUSTED,1.1870601287655518,-2139.716024153521,-61.80768761160493,-2130.7000241535193,-61.58368761160492,-2192.2837117651243,-2201.523711765126,110.224,True,4
2025-12-16T21:00:00+00:00,SPX,2025-12-15,6798.51,RANGE,ADJUSTED,-0.7921134018520206,-2139.716024153521,-62.59980101345677,-2130.7000241535193,-62.375801013456766,-2193.075825166976,-2202.315825166978,110.224,True,4
2025-12-17T14:30:00+00:00,SPX,2025-12-15,6806.48,RANGE,ADJUSTED,4.381463325555615,-2139.716024153521,-58.21833768790128,-2130.7000241535193,-57.99433768790128,-2188.6943618414207,-2197.9343618414223,110.224,True,4
2025-12-17T15:00:00+00:00,SPX,2025-12-15,6798.07,RANGE,ADJUSTED,-0.8736539872838875,-2139.716024153521,-59.09199167518521,-2130.7000241535193,-58.86799167518521,-2189.5680158287046,-2198.808015828706,110.224,True,4
2025-12-17T15:30:00+00:00,SPX,2025-12-15,6788.53,RANGE,ADJUSTED,-1.013564147037414,-2139.716024153521,-60.10555582222226,-2130.7000241535193,-59.881555822222246,-2190.5815799757415,-2199.8215799757436,110.224,True,4
2025-12-17T16:00:00+00:00,SPX,2025-12-15,6758.9,RANGE,ADJUSTED,-3.3747581864195126,-2139.716024153521,-63.48031400864201,-2130.7000241535193,-63.25631400864201,-2193.9563381621615,-2203.196338162163,110.224,True,4
2025-12-17T16:30:00+00:00,SPX,2025-12-15,6745.82,RANGE,ADJUSTED,-1.4580055138271746,-2139.716024153521,-64.93831952246917,-2130.7000241535193,-64.71431952246917,-2195.4143436759887,-2204.6543436759903,110.224,True,4
2025-12-17T17:00:00+00:00,SPX,2025-12-15,6741.04,TREND_DOWN,ABORTED,-0.5469728375310297,-2205.2013165135213,0.0,-2195.905316513519,0.0,-2195.905316513519,-2205.2013165135213,0.0,False,0
2025-12-17T17:30:00+00:00,SPX,2025-12-15,6753.7,TREND_DOWN,ABORTED,0.0,-2205.2013165135213,0.0,-2195.905316513519,0.0,-2195.905316513519,-2205.2013165135213,0.0,False,0
2025-12-17T18:00:00+00:00,SPX,2025-12-15,6754.27,RANGE,ABORTED,0.0,-2205.2013165135213,0.0,-2195.905316513519,0.0,-2195.905316513519,-2205.2013165135213,0.0,False,0
2025-12-17T18:30:00+00:00,SPX,2025-12-15,6741.69,RANGE,ABORTED,0.0,-2205.2013165135213,0.0,-2195.905316513519,0.0,-2195.905316513519,-2205.2013165135213,0.0,False,0
2025-12-17T19:00:00+00:00,SPX,2025-12-15,6731.38,RANGE,ABORTED,0.0,-2205.2013165135213,0.0,-2195.905316513519,0.0,-2195.905316513519,-2205.2013165135213,0.0,False,0
2025-12-17T19:30:00+00:00,SPX,2025-12-15,6731.9,TREND_DOWN,ABORTED,0.0,-2205.2013165135213,0.0,-2195.905316513519,0.0,-2195.905316513519,-2205.2013165135213,0.0,False,0
2025-12-17T20:00:00+00:00,SPX,2025-12-15,6735.13,RANGE,ABORTED,0.0,-2205.2013165135213,0.0,-2195.905316513519,0.0,-2195.905316513519,-2205.2013165135213,0.0,False,0
2025-12-17T20:30:00+00:00,SPX,2025-12-15,6734.15,RANGE,ABORTED,0.0,-2205.2013165135213,0.0,-2195.905316513519,0.0,-2195.905316513519,-2205.2013165135213,0.0,False,0
2025-12-17T21:00:00+00:00,SPX,2025-12-15,6722.22,TREND_DOWN,ABORTED,0.0,-2205.2013165135213,0.0,-2195.905316513519,0.0,-2195.905316513519,-2205.2013165135213,0.0,False,0
2025-12-18T14:30:00+00:00,SPX,2025-12-15,6786.15,RANGE,ABORTED,0.0,-2205.2013165135213,0.0,-2195.905316513519,0.0,-2195.905316513519,-2205.2013165135213,0.0,False,0
2025-12-18T15:00:00+00:00,SPX,2025-12-15,6789.85,RANGE,ABORTED,0.0,-2205.2013165135213,0.0,-2195.905316513519,0.0,-2195.905316513519,-2205.2013165135213,0.0,False,0
2025-12-18T15:30:00+00:00,SPX,2025-12-15,6804.07,RANGE,ABORTED,0.0,-2205.2013165135213,0.0,-2195.905316513519,0.0,-2195.905316513519,-2205.2013165135213,0.0,False,0
2025-12-18T16:00:00+00:00,SPX,2025-12-15,6811.73,RANGE,ABORTED,0.0,-2205.2013165135213,0.0,-2195.905316513519,0.0,-2195.905316513519,-2205.2013165135213,0.0,False,0
2025-12-18T16:30:00+00:00,SPX,2025-12-15,6808.95,RANGE,ABORTED,0.0,-2205.2013165135213,0.0,-2195.905316513519,0.0,-2195.905316513519,-2205.2013165135213,0.0,False,0
2025-12-18T17:00:00+00:00,SPX,2025-12-15,6797.53,RANGE,ABORTED,0.0,-2205.2013165135213,0.0,-2195.905316513519,0.0,-2195.905316513519,-2205.2013165135213,0.0,False,0
2025-12-18T17:30:00+00:00,SPX,2025-12-15,6776.06,RANGE,ABORTED,0.0,-2205.2013165135213,0.0,-2195.905316513519,0.0,-2195.905316513519,-2205.2013165135213,0.0,False,0
2025-12-18T18:00:00+00:00,SPX,2025-12-15,6786.03,RANGE,ABORTED,0.0,-2205.2013165135213,0.0,-2195.905316513519,0.0,-2195.905316513519,-2205.2013165135213,0.0,False,0
2025-12-18T18:30:00+00:00,SPX,2025-12-15,6801.13,RANGE,ABORTED,0.0,-2205.2013165135213,0.0,-2195.905316513519,0.0,-2195.905316513519,-2205.2013165135213,0.0,False,0
2025-12-18T19:00:00+00:00,SPX,2025-12-15,6777.06,RANGE,ABORTED,0.0,-2205.2013165135213,0.0,-2195.905316513519,0.0,-2195.905316513519,-2205.2013165135213,0.0,False,0
2025-12-18T19:30:00+00:00,SPX,2025-12-15,6772.99,RANGE,ABORTED,0.0,-2205.2013165135213,0.0,-2195.905316513519,0.0,-2195.905316513519,-2205.2013165135213,0.0,False,0
2025-12-18T20:00:00+00:00,SPX,2025-12-15,6776.22,RANGE,ABORTED,0.0,-2205.2013165135213,0.0,-2195.905316513519,0.0,-2195.905316513519,-2205.2013165135213,0.0,False,0
2025-12-18T20:30:00+00:00,SPX,2025-12-15,6790.41,RANGE,ABORTED,0.0,-2205.2013165135213,0.0,-2195.905316513519,0.0,-2195.905316513519,-2205.2013165135213,0.0,False,0
2025-12-18T21:00:00+00:00,SPX,2025-12-15,6774.35,RANGE,ABORTED,0.0,-2205.2013165135213,0.0,-2195.905316513519,0.0,-2195.905316513519,-2205.2013165135213,0.0,False,0
2025-12-19T14:30:00+00:00,SPX,2025-12-15,6810.72,RANGE,ABORTED,0.0,-2205.2013165135213,0.0,-2195.905316513519,0.0,-2195.905316513519,-2205.2013165135213,0.0,False,0
2025-12-19T15:00:00+00:00,SPX,2025-12-15,6830.53,RANGE,ABORTED,0.0,-2205.2013165135213,0.0,-2195.905316513519,0.0,-2195.905316513519,-2205.2013165135213,0.0,False,0
2025-12-19T15:30:00+00:00,SPX,2025-12-15,6824.83,RANGE,ABORTED,0.0,-2205.2013165135213,0.0,-2195.905316513519,0.0,-2195.905316513519,-2205.2013165135213,0.0,False,0
2025-12-19T16:00:00+00:00,SPX,2025-12-15,6823.09,RANGE,ABORTED,0.0,-2205.2013165135213,0.0,-2195.905316513519,0.0,-2195.905316513519,-2205.2013165135213,0.0,False,0
2025-12-19T16:30:00+00:00,SPX,2025-12-15,6831.37,RANGE,ABORTED,0.0,-2205.2013165135213,0.0,-2195.905316513519,0.0,-2195.905316513519,-2205.2013165135213,0.0,False,0
2025-12-19T17:00:00+00:00,SPX,2025-12-15,6830.62,RANGE,ABORTED,0.0,-2205.2013165135213,0.0,-2195.905316513519,0.0,-2195.905316513519,-2205.2013165135213,0.0,False,0
2025-12-19T17:30:00+00:00,SPX,2025-12-15,6834.3,RANGE,ABORTED,0.0,-2205.2013165135213,0.0,-2195.905316513519,0.0,-2195.905316513519,-2205.2013165135213,0.0,False,0
2025-12-19T18:00:00+00:00,SPX,2025-12-15,6836.94,RANGE,ABORTED,0.0,-2205.2013165135213,0.0,-2195.905316513519,0.0,-2195.905316513519,-2205.2013165135213,0.0,False,0
2025-12-19T18:30:00+00:00,SPX,2025-12-15,6835.56,RANGE,ABORTED,0.0,-2205.2013165135213,0.0,-2195.905316513519,0.0,-2195.905316513519,-2205.2013165135213,0.0,False,0
2025-12-19T19:00:00+00:00,SPX,2025-12-15,6834.52,RANGE,ABORTED,0.0,-2205.2013165135213,0.0,-2195.905316513519,0.0,-2195.905316513519,-2205.2013165135213,0.0,False,0
2025-12-19T19:30:00+00:00,SPX,2025-12-15,6836.84,RANGE,ABORTED,0.0,-2205.2013165135213,0.0,-2195.905316513519,0.0,-2195.905316513519,-2205.2013165135213,0.0,False,0
2025-12-19T20:00:00+00:00,SPX,2025-12-15,6834.87,RANGE,ABORTED,0.0,-2205.2013165135213,0.0,-2195.905316513519,0.0,-2195.905316513519,-2205.2013165135213,0.0,False,0
2025-12-19T20:30:00+00:00,SPX,2025-12-15,6832.58,RANGE,ABORTED,0.0,-2205.2013165135213,0.0,-2195.905316513519,0.0,-2195.905316513519,-2205.2013165135213,0.0,False,0
2025-12-19T21:00:00+00:00,SPX,2025-12-15,6834.7,RANGE,ABORTED,0.0,-2205.2013165135213,0.0,-2195.905316513519,0.0,-2195.905316513519,-2205.2013165135213,0.0,False,0
2025-12-22T14:30:00+00:00,SPX,2025-12-22,6864.73,RANGE,IDLE,0.0,-2205.2013165135213,0.0,-2195.905316513519,0.0,-2195.905316513519,-2205.2013165135213,0.0,False,0
2025-12-22T15:00:00+00:00,SPX,2025-12-22,6863.33,RANGE,ACTIVE,-82.66800000000012,-2205.2013165135213,-82.668,-2195.905316513519,-82.5,-2278.405316513519,-2287.8693165135214,82.668,False,3
2025-12-22T15:30:00+00:00,SPX,2025-12-22,6863.46,RANGE,ADJUSTED,15.631076657778067,-2205.2013165135213,-67.03692334222222,-2195.905316513519,-66.81292334222222,-2262.7182398557416,-2272.2382398557434,110.224,True,4
2025-12-22T16:00:00+00:00,SPX,2025-12-22,6867.31,RANGE,ADJUSTED,0.05431343296277191,-2205.2013165135213,-66.9826099092593,-2195.905316513519,-66.75860990925929,-2262.6639264227783,-2272.1839264227806,110.224,True,4
2025-12-22T16:30:00+00:00,SPX,2025-12-22,6873.69,RANGE,ADJUSTED,-0.34430568061725353,-2205.2013165135213,-67.32691558987652,-2195.905316513519,-67.10291558987652,-2263.0082321033956,-2272.528232103398,110.224,True,4
2025-12-22T17:00:00+00:00,SPX,2025-12-22,6877.14,RANGE,ADJUSTED,-0.14128001827157277,-2205.2013165135213,-67.46819560814818,-2195.905316513519,-67.24419560814817,-2263.1495121216676,-2272.6695121216694,110.224,True,4
2025-12-22T17:30:00+00:00,SPX,2025-12-22,6874.8,RANGE,ADJUSTED,0.27163031432110074,-2205.2013165135213,-67.19656529382718,-2195.905316513519,-66.97256529382717,-2262.8778818073465,-2272.3978818073483,110.224,True,4
2025-12-22T18:00:00+00:00,SPX,2025-12-22,6878.84,RANGE,ADJUSTED,-0.1878746385186787,-2205.2013165135213,-67.3844399323457,-2195.905316513519,-67.1604399323457,-2263.0657564458647,-2272.585756445867,110.224,True,4
2025-12-22T18:30:00+00:00,SPX,2025-12-22,6876.48,RANGE,ADJUSTED,0.2745351916050822,-2205.2013165135213,-67.10990474074072,-2195.905316513519,-66.8859047407407,-2262.79122125426,-2272.311221254262,110.224,True,4
2025-12-22T19:00:00+00:00,SPX,2025-12-22,6872.54,RANGE,ADJUSTED,0.39272192123462446,-2205.2013165135213,-66.71718281950618,-2195.905316513519,-66.49318281950616,-2262.3984993330255,-2271.9184993330273,110.224,True,4
2025-12-22T19:30:00+00:00,SPX,2025-12-22,6877.19,RANGE,ADJUSTED,-0.23770445654326977,-2205.2013165135213,-66.95488727604936,-2195.905316513519,-66.73088727604934,-2262.6362037895688,-2272.1562037895706,110.224,True,4
2025-12-22T20:00:00+00:00,SPX,2025-12-22,6877.12,RANGE,ADJUSTED,0.10857828938242164,-2205.2013165135213,-66.84630898666666,-2195.905316513519,-66.62230898666665,-2262.527625500186,-2272.047625500188,110.224,True,4
2025-12-22T20:30:00+00:00,SPX,2025-12-22,6878.39,RANGE,ADJUSTED,0.008403741975598678,-2205.2013165135213,-66.83790524469138,-2195.905316513519,-66.61390524469138,-2262.5192217582107,-2272.0392217582125,110.224,True,4
2025-12-22T21:00:00+00:00,SPX,2025-12-22,6876.49,RANGE,ADJUSTED,0.2458507428395933,-2205.2013165135213,-66.59205450185183,-2195.905316513519,-66.36805450185183,-2262.273371015371,-2271.793371015373,110.224,True,4
2025-12-23T14:30:00+00:00,SPX,2025-12-22,6880.31,RANGE,ADJUSTED,3.2774836586418132,-2205.2013165135213,-63.31457084320992,-2195.905316513519,-63.09057084320991,-2258.9958873567293,-2268.515887356731,110.224,True,4
2025-12-23T15:00:00+00:00,SPX,2025-12-22,6874.48,RANGE,ADJUSTED,0.6427745350615623,-2205.2013165135213,-62.67179630814812,-2195.905316513519,-62.44779630814811,-2258.3531128216673,-2267.8731128216696,110.224,True,4
2025-12-23T15:30:00+00:00,SPX,2025-12-22,6885.38,RANGE,ADJUSTED,-0.9119177303700781,-2205.2013165135213,-63.583714038518536,-2195.905316513519,-63.35971403851853,-2259.265030552038,-2268.7850305520396,110.224,True,4
2025-12-23T16:00:00+00:00,SPX,2025-12-22,6893.75,RANGE,ADJUSTED,-0.6853130139506902,-2205.2013165135213,-64.26902705246914,-2195.905316513519,-64.04502705246914,-2259.9503435659885,-2269.4703435659903,110.224,True,4
2025-12-23T16:30:00+00:00,SPX,2025-12-22,6893.97,RANGE,ADJUSTED,0.07459899740706533,-2205.2013165135213,-64.19442805506175,-2195.905316513519,-63.970428055061745,-2259.875744568581,-2269.3957445685833,110.224,True,4
2025-12-23T17:00:00+00:00,SPX,2025-12-22,6897.78,RANGE,ADJUSTED,-0.2656748301233165,-2205.2013165135213,-64.46010288518517,-2195.905316513519,-64.23610288518516,-2260.1414193987043,-2269.6614193987066,110.224,True,4
2025-12-23T17:30:00+00:00,SPX,2025-12-22,6898.54,RANGE,ADJUSTED,0.021014212592490367,-2205.2013165135213,-64.43908867259259,-2195.905316513519,-64.21508867259259,-2260.120405186112,-2269.640405186114,110.224,True,4
2025-12-23T18:00:00+00:00,SPX,2025-12-22,6898.63,RANGE,ADJUSTED,0.0843920285187778,-2205.2013165135213,-64.35469664407408,-2195.905316513519,-64.13069664407408,-2260.0360131575935,-2269.5560131575953,110.224,True,4
2025-12-23T18:30:00+00:00,SPX,2025-12-22,6905.35,RANGE,ADJUSTED,-0.5533791225925597,-2205.2013165135213,-64.9080757666667,-2195.905316513519,-64.6840757666667,-2260.589392280186,-2270.109392280188,110.224,True,4
2025-12-23T19:00:00+00:00,SPX,2025-12-22,6905.86,RANGE,ADJUSTED,0.04039625333325603,-2205.2013165135213,-64.8676795133333,-2195.905316513519,-64.6436795133333,-2260.5489960268524,-2270.0689960268546,110.224,True,4
2025-12-23T19:30:00+00:00,SPX,2025-12-22,6906.85,RANGE,ADJUSTED,-0.006732708889103378,-2205.2013165135213,-64.87441222222226,-2195.905316513519,-64.65041222222226,-2260.5557287357415,-2270.0757287357437,110.224,True,4
2025-12-23T20:00:00+00:00,SPX,2025-12-22,6908.23,TREND_UP,ABORTED,-0.10177367666665305,-2270.1775024124104,0.0,-2260.601502412408,0.0,-2260.601502412408,-2270.1775024124104,0.0,False,0
2025-12-23T20:30:00+00:00,SPX,2025-12-22,6908.1,TREND_UP,ABORTED,0.0,-2270.1775024124104,0.0,-2260.601502412408,0.0,-2260.601502412408,-2270.1775024124104,0.0,False,0
2025-12-23T21:00:00+00:00,SPX,2025-12-22,6909.02,TREND_UP,ABORTED,0.0,-2270.1775024124104,0.0,-2260.601502412408,0.0,-2260.601502412408,-2270.1775024124104,0.0,False,0
2025-12-24T14:30:00+00:00,SPX,2025-12-22,6912.08,TREND_UP,ABORTED,0.0,-2270.1775024124104,0.0,-2260.601502412408,0.0,-2260.601502412408,-2270.1775024124104,0.0,False,0
2025-12-24T15:00:00+00:00,SPX,2025-12-22,6915.47,TREND_UP,ABORTED,0.0,-2270.1775024124104,0.0,-2260.601502412408,0.0,-2260.601502412408,-2270.1775024124104,0.0,False,0
2025-12-24T15:30:00+00:00,SPX,2025-12-22,6919.41,TREND_UP,ABORTED,0.0,-2270.1775024124104,0.0,-2260.601502412408,0.0,-2260.601502412408,-2270.1775024124104,0.0,False,0
2025-12-24T16:00:00+00:00,SPX,2025-12-22,6923.54,TREND_UP,ABORTED,0.0,-2270.1775024124104,0.0,-2260.601502412408,0.0,-2260.601502412408,-2270.1775024124104,0.0,False,0
2025-12-24T16:30:00+00:00,SPX,2025-12-22,6930.64,TREND_UP,ABORTED,0.0,-2270.1775024124104,0.0,-2260.601502412408,0.0,-2260.601502412408,-2270.1775024124104,0.0,False,0
2025-12-24T17:00:00+00:00,SPX,2025-12-22,6933.48,TREND_UP,ABORTED,0.0,-2270.1775024124104,0.0,-2260.601502412408,0.0,-2260.601502412408,-2270.1775024124104,0.0,False,0
2025-12-24T17:30:00+00:00,SPX,2025-12-22,6936.58,TREND_UP,ABORTED,0.0,-2270.1775024124104,0.0,-2260.601502412408,0.0,-2260.601502412408,-2270.1775024124104,0.0,False,0
2025-12-24T18:00:00+00:00,SPX,2025-12-22,6931.35,TREND_UP,ABORTED,0.0,-2270.1775024124104,0.0,-2260.601502412408,0.0,-2260.601502412408,-2270.1775024124104,0.0,False,0
2025-12-26T14:30:00+00:00,SPX,2025-12-22,6938.77,TREND_UP,ABORTED,0.0,-2270.1775024124104,0.0,-2260.601502412408,0.0,-2260.601502412408,-2270.1775024124104,0.0,False,0
2025-12-26T15:00:00+00:00,SPX,2025-12-22,6930.86,TREND_UP,ABORTED,0.0,-2270.1775024124104,0.0,-2260.601502412408,0.0,-2260.601502412408,-2270.1775024124104,0.0,False,0
2025-12-26T15:30:00+00:00,SPX,2025-12-22,6937.73,RANGE,ABORTED,0.0,-2270.1775024124104,0.0,-2260.601502412408,0.0,-2260.601502412408,-2270.1775024124104,0.0,False,0
2025-12-26T16:00:00+00:00,SPX,2025-12-22,6937.4,RANGE,ABORTED,0.0,-2270.1775024124104,0.0,-2260.601502412408,0.0,-2260.601502412408,-2270.1775024124104,0.0,False,0
2025-12-26T16:30:00+00:00,SPX,2025-12-22,6930.19,RANGE,ABORTED,0.0,-2270.1775024124104,0.0,-2260.601502412408,0.0,-2260.601502412408,-2270.1775024124104,0.0,False,0
2025-12-26T17:00:00+00:00,SPX,2025-12-22,6926.94,RANGE,ABORTED,0.0,-2270.1775024124104,0.0,-2260.601502412408,0.0,-2260.601502412408,-2270.1775024124104,0.0,False,0
2025-12-26T17:30:00+00:00,SPX,2025-12-22,6926.79,TREND_UP,ABORTED,0.0,-2270.1775024124104,0.0,-2260.601502412408,0.0,-2260.601502412408,-2270.1775024124104,0.0,False,0
2025-12-26T18:00:00+00:00,SPX,2025-12-22,6927.92,TREND_UP,ABORTED,0.0,-2270.1775024124104,0.0,-2260.601502412408,0.0,-2260.601502412408,-2270.1775024124104,0.0,False,0
2025-12-26T18:30:00+00:00,SPX,2025-12-22,6927.03,RANGE,ABORTED,0.0,-2270.1775024124104,0.0,-2260.601502412408,0.0,-2260.601502412408,-2270.1775024124104,0.0,False,0
2025-12-26T19:00:00+00:00,SPX,2025-12-22,6932.03,TREND_UP,ABORTED,0.0,-2270.1775024124104,0.0,-2260.601502412408,0.0,-2260.601502412408,-2270.1775024124104,0.0,False,0
2025-12-26T19:30:00+00:00,SPX,2025-12-22,6930.38,TREND_UP,ABORTED,0.0,-2270.1775024124104,0.0,-2260.601502412408,0.0,-2260.601502412408,-2270.1775024124104,0.0,False,0
2025-12-26T20:00:00+00:00,SPX,2025-12-22,6929.73,TREND_UP,ABORTED,0.0,-2270.1775024124104,0.0,-2260.601502412408,0.0,-2260.601502412408,-2270.1775024124104,0.0,False,0
2025-12-26T20:30:00+00:00,SPX,2025-12-22,6930.51,TREND_UP,ABORTED,0.0,-2270.1775024124104,0.0,-2260.601502412408,0.0,-2260.601502412408,-2270.1775024124104,0.0,False,0
2025-12-26T21:00:00+00:00,SPX,2025-12-22,6930.52,TREND_UP,ABORTED,0.0,-2270.1775024124104,0.0,-2260.601502412408,0.0,-2260.601502412408,-2270.1775024124104,0.0,False,0
2025-12-29T14:30:00+00:00,SPX,2025-12-29,6907.96,RANGE,IDLE,0.0,-2270.1775024124104,0.0,-2260.601502412408,0.0,-2260.601502412408,-2270.1775024124104,0.0,False,0
2025-12-29T15:00:00+00:00,SPX,2025-12-29,6901.59,RANGE,ACTIVE,-82.66800000000012,-2270.1775024124104,-82.668,-2260.601502412408,-82.5,-2343.101502412408,-2352.8455024124105,82.668,False,3
2025-12-29T15:30:00+00:00,SPX,2025-12-29,6908.98,RANGE,ADJUSTED,15.667450773333258,-2270.1775024124104,-67.0005492266667,-2260.601502412408,-66.7765492266667,-2327.378051639075,-2337.1780516390772,110.224,True,4
2025-12-29T16:00:00+00:00,SPX,2025-12-29,6899.24,RANGE,ADJUSTED,-0.5772447782715062,-2270.1775024124104,-67.5777940049383,-2260.601502412408,-67.3537940049383,-2327.9552964173463,-2337.7552964173487,110.224,True,4
2025-12-29T16:30:00+00:00,SPX,2025-12-29,6897.73,RANGE,ADJUSTED,-0.0030214609873837617,-2270.1775024124104,-67.58081546592597,-2260.601502412408,-67.35681546592596,-2327.958317878334,-2337.758317878336,110.224,True,4
2025-12-29T17:00:00+00:00,SPX,2025-12-29,6897.76,RANGE,ADJUSTED,0.10547910592595144,-2270.1775024124104,-67.47533635999999,-2260.601502412408,-67.25133635999998,-2327.852838772408,-2337.65283877241,110.224,True,4
2025-12-29T17:30:00+00:00,SPX,2025-12-29,6891.57,RANGE,ADJUSTED,-0.34166797432135354,-2270.1775024124104,-67.81700433432101,-2260.601502412408,-67.59300433432101,-2328.194506746729,-2337.9945067467315,110.224,True,4
2025-12-29T18:00:00+00:00,SPX,2025-12-29,6897.34,RANGE,ADJUSTED,0.5179716802472285,-2270.1775024124104,-67.29903265407407,-2260.601502412408,-67.07503265407405,-2327.6765350664823,-2337.4765350664843,110.224,True,4
2025-12-29T18:30:00+00:00,SPX,2025-12-29,6903.29,RANGE,ADJUSTED,0.5366930799996226,-2270.1775024124104,-66.76233957407408,-2260.601502412408,-66.53833957407407,-2327.139841986482,-2336.9398419864847,110.224,True,4
2025-12-29T19:00:00+00:00,SPX,2025-12-29,6898.16,RANGE,ADJUSTED,-0.2702507404937933,-2270.1775024124104,-67.03259031456791,-2260.601502412408,-66.80859031456791,-2327.410092726976,-2337.2100927269785,110.224,True,4
2025-12-29T19:30:00+00:00,SPX,2025-12-29,6905.39,RANGE,ADJUSTED,0.6373825387654506,-2270.1775024124104,-66.39520777580245,-2260.601502412408,-66.17120777580244,-2326.7727101882106,-2336.572710188213,110.224,True,4
2025-12-29T20:00:00+00:00,SPX,2025-12-29,6910.18,RANGE,ADJUSTED,0.4363047958026982,-2270.1775024124104,-65.95890298000002,-2260.601502412408,-65.73490298000002,-2326.336405392408,-2336.1364053924103,110.224,True,4
2025-12-29T20:30:00+00:00,SPX,2025-12-29,6909.9,RANGE,ADJUSTED,0.11519441456766799,-2270.1775024124104,-65.84370856543212,-2260.601502412408,-65.61970856543212,-2326.22121097784,-2336.0212109778427,110.224,True,4
2025-12-29T21:00:00+00:00,SPX,2025-12-29,6906.96,RANGE,ADJUSTED,-0.11211466172835571,-2270.1775024124104,-65.9558232271605,-2260.601502412408,-65.73182322716049,-2326.3333256395686,-2336.133325639571,110.224,True,4
2025-12-30T14:30:00+00:00,SPX,2025-12-29,6900.71,RANGE,ADJUSTED,3.19687088518549,-2270.1775024124104,-62.7589523419753,-2260.601502412408,-62.5349523419753,-2323.1364547543835,-2332.9364547543855,110.224,True,4
2025-12-30T15:00:00+00:00,SPX,2025-12-29,6906.36,RANGE,ADJUSTED,0.6289982274070098,-2270.1775024124104,-62.12995411456794,-2260.601502412408,-61.905954114567926,-2322.507456526976,-2332.3074565269785,110.224,True,4
2025-12-30T15:30:00+00:00,SPX,2025-12-29,6895.83,RANGE,ADJUSTED,-0.87457208395017,-2270.1775024124104,-63.00452619851853,-2260.601502412408,-62.78052619851853,-2323.3820286109267,-2333.1820286109287,110.224,True,4
2025-12-30T16:00:00+00:00,SPX,2025-12-29,6907.1,RANGE,ADJUSTED,1.1590071750615607,-2270.1775024124104,-61.84551902345676,-2260.601502412408,-61.621519023456756,-2322.2230214358647,-2332.023021435867,110.224,True,4
2025-12-30T16:30:00+00:00,SPX,2025-12-29,6907.75,RANGE,ADJUSTED,0.1691435234565688,-2270.1775024124104,-61.676375500000006,-2260.601502412408,-61.452375499999995,-2322.053877912408,-2331.8538779124106,110.224,True,4
2025-12-30T17:00:00+00:00,SPX,2025-12-29,6898.65,RANGE,ADJUSTED,-0.7537865092590437,-2270.1775024124104,-62.43016200925929,-2260.601502412408,-62.20616200925929,-2322.807664421667,-2332.6076644216696,110.224,True,4
2025-12-30T17:30:00+00:00,SPX,2025-12-29,6903.9,RANGE,ADJUSTED,0.6036364141973536,-2270.1775024124104,-61.82652559506177,-2260.601502412408,-61.60252559506176,-2322.20402800747,-2332.0040280074722,110.224,True,4
2025-12-30T18:00:00+00:00,SPX,2025-12-29,6902.67,RANGE,ADJUSTED,-0.011371768765457091,-2270.1775024124104,-61.83789736382715,-2260.601502412408,-61.61389736382715,-2322.2153997762352,-2332.0153997762377,110.224,True,4
2025-12-30T18:30:00+00:00,SPX,2025-12-29,6906.28,RANGE,ADJUSTED,0.45295197716041,-2270.1775024124104,-61.3849453866667,-2260.601502412408,-61.16094538666669,-2321.762447799075,-2331.5624477990773,110.224,True,4
2025-12-30T19:00:00+00:00,SPX,2025-12-29,6903.63,RANGE,ADJUSTED,-0.14867822580208667,-2270.1775024124104,-61.53362361246913,-2260.601502412408,-61.309623612469125,-2321.9111260248774,-2331.7111260248794,110.224,True,4
2025-12-30T19:30:00+00:00,SPX,2025-12-29,6905.65,RANGE,ADJUSTED,0.3024521309876036,-2270.1775024124104,-61.231171481481525,-2260.601502412408,-61.007171481481514,-2321.6086738938898,-2331.408673893892,110.224,True,4
2025-12-30T20:00:00+00:00,SPX,2025-12-29,6903.99,RANGE,ADJUSTED,-0.054896351481602323,-2270.1775024124104,-61.286067832962985,-2260.601502412408,-61.06206783296298,-2321.663570245371,-2331.4635702453734,110.224,True,4
2025-12-30T20:30:00+00:00,SPX,2025-12-29,6904.62,RANGE,ADJUSTED,0.16819628086432203,-2270.1775024124104,-61.11787155209878,-2260.601502412408,-60.89387155209877,-2321.495373964507,-2331.295373964509,110.224,True,4
2025-12-30T21:00:00+00:00,SPX,2025-12-29,6896.45,RANGE,ADJUSTED,-0.6989630225925794,-2270.1775024124104,-61.816834574691384,-2260.601502412408,-61.59283457469138,-2322.1943369870996,-2331.9943369871016,110.224,True,4
2025-12-31T14:30:00+00:00,SPX,2025-12-29,6895.14,RANGE,ADJUSTED,3.443576575185034,-2270.1775024124104,-58.37325799950614,-2260.601502412408,-58.14925799950613,-2318.750760411914,-2328.5507604119166,110.224,True,4
2025-12-31T15:00:00+00:00,SPX,2025-12-29,6884.33,RANGE,ADJUSTED,-1.1529399648147773,-2270.1775024124104,-59.526197964321,-2260.601502412408,-59.302197964320996,-2319.903700376729,-2329.7037003767314,110.224,True,4
2025-12-31T15:30:00+00:00,SPX,2025-12-29,6881.05,RANGE,ADJUSTED,-0.28556692456777455,-2270.1775024124104,-59.811764888888874,-2260.601502412408,-59.58776488888886,-2320.189267301297,-2329.989267301299,110.224,True,4
2025-12-31T16:00:00+00:00,SPX,2025-12-29,6872.54,RANGE,ADJUSTED,-0.9010268693828039,-2270.1775024124104,-60.71279175827161,-2260.601502412408,-60.4887917582716,-2321.0902941706795,-2330.890294170682,110.224,True,4
2025-12-31T16:30:00+00:00,SPX,2025-12-29,6875.37,RANGE,ADJUSTED,0.4237817629627898,-2270.1775024124104,-60.28900999530866,-2260.601502412408,-60.06500999530865,-2320.6665124077167,-2330.466512407719,110.224,True,4
2025-12-31T17:00:00+00:00,SPX,2025-12-29,6879.98,RANGE,ADJUSTED,0.636644175308902,-2270.1775024124104,-59.65236582000006,-2260.601502412408,-59.42836582000005,-2320.0298682324083,-2329.8298682324103,110.224,True,4
2025-12-31T17:30:00+00:00,SPX,2025-12-29,6879.44,RANGE,ADJUSTED,0.03071009061704899,-2270.1775024124104,-59.621655729382766,-2260.601502412408,-59.39765572938276,-2319.9991581417908,-2329.799158141793,110.224,True,4
2025-12-31T18:00:00+00:00,SPX,2025-12-29,6876.21,RANGE,ADJUSTED,-0.2899582440741142,-2270.1775024124104,-59.911613973456795,-2260.601502412408,-59.687613973456784,-2320.289116385865,-2330.0891163858673,110.224,True,4
2025-12-31T18:30:00+00:00,SPX,2025-12-29,6881.78,RANGE,ADJUSTED,0.7584887186421838,-2270.1775024124104,-59.15312525481484,-2260.601502412408,-58.929125254814835,-2319.5306276672227,-2329.330627667225,110.224,True,4
2025-12-31T19:00:00+00:00,SPX,2025-12-29,6887.78,RANGE,ADJUSTED,0.8154932920988358,-2270.1775024124104,-58.33763196271609,-2260.601502412408,-58.113631962716084,-2318.7151343751243,-2328.5151343751263,110.224,True,4
2025-12-31T19:30:00+00:00,SPX,2025-12-29,6868.8,RANGE,ADJUSTED,-2.1880138051851645,-2270.1775024124104,-60.52564576790121,-2260.601502412408,-60.301645767901206,-2320.9031481803095,-2330.7031481803115,110.224,True,4
2025-12-31T20:00:00+00:00,SPX,2025-12-29,6863.55,RANGE,ADJUSTED,-0.545733174691577,-2270.1775024124104,-61.071378942592574,-2260.601502412408,-60.84737894259257,-2321.4488813550006,-2331.248881355003,110.224,True,4
2025-12-31T20:30:00+00:00,SPX,2025-12-29,6860.4,RANGE,ADJUSTED,-0.295806859876393,-2270.1775024124104,-61.36718580246918,-2260.601502412408,-61.143185802469176,-2321.7446882148774,-2331.5446882148794,110.224,True,4
2025-12-31T21:00:00+00:00,SPX,2025-12-29,6845.77,RANGE,ADJUSTED,-1.6985905593828647,-2270.1775024124104,-63.0657763618518,-2260.601502412408,-62.8417763618518,-2323.44327877426,-2333.2432787742623,110.224,True,4
2026-01-02T14:30:00+00:00,SPX,2025-12-29,6874.77,RANGE,EXITED,11.131134182345704,-2322.1121445919166,0.0,-2312.256144591914,0.0,-2312.256144591914,-2322.1121445919166,0.0,False,0
2026-01-02T15:00:00+00:00,SPX,2025-12-29,6890.28,RANGE,EXITED,0.0,-2322.1121445919166,0.0,-2312.256144591914,0.0,-2312.256144591914,-2322.1121445919166,0.0,False,0
2026-01-02T15:30:00+00:00,SPX,2025-12-29,6860.49,RANGE,EXITED,0.0,-2322.1121445919166,0.0,-2312.256144591914,0.0,-2312.256144591914,-2322.1121445919166,0.0,False,0
2026-01-02T16:00:00+00:00,SPX,2025-12-29,6836.33,RANGE,EXITED,0.0,-2322.1121445919166,0.0,-2312.256144591914,0.0,-2312.256144591914,-2322.1121445919166,0.0,False,0
2026-01-02T16:30:00+00:00,SPX,2025-12-29,6849.72,RANGE,EXITED,0.0,-2322.1121445919166,0.0,-2312.256144591914,0.0,-2312.256144591914,-2322.1121445919166,0.0,False,0
2026-01-02T17:00:00+00:00,SPX,2025-12-29,6834.77,RANGE,EXITED,0.0,-2322.1121445919166,0.0,-2312.256144591914,0.0,-2312.256144591914,-2322.1121445919166,0.0,False,0
2026-01-02T17:30:00+00:00,SPX,2025-12-29,6848.45,RANGE,EXITED,0.0,-2322.1121445919166,0.0,-2312.256144591914,0.0,-2312.256144591914,-2322.1121445919166,0.0,False,0
2026-01-02T18:00:00+00:00,SPX,2025-12-29,6839.73,RANGE,EXITED,0.0,-2322.1121445919166,0.0,-2312.256144591914,0.0,-2312.256144591914,-2322.1121445919166,0.0,False,0
2026-01-02T18:30:00+00:00,SPX,2025-12-29,6835.39,RANGE,EXITED,0.0,-2322.1121445919166,0.0,-2312.256144591914,0.0,-2312.256144591914,-2322.1121445919166,0.0,False,0
2026-01-02T19:00:00+00:00,SPX,2025-12-29,6836.58,RANGE,EXITED,0.0,-2322.1121445919166,0.0,-2312.256144591914,0.0,-2312.256144591914,-2322.1121445919166,0.0,False,0
2026-01-02T19:30:00+00:00,SPX,2025-12-29,6861.66,RANGE,EXITED,0.0,-2322.1121445919166,0.0,-2312.256144591914,0.0,-2312.256144591914,-2322.1121445919166,0.0,False,0
2026-01-02T20:00:00+00:00,SPX,2025-12-29,6859.77,RANGE,EXITED,0.0,-2322.1121445919166,0.0,-2312.256144591914,0.0,-2312.256144591914,-2322.1121445919166,0.0,False,0
2026-01-02T20:30:00+00:00,SPX,2025-12-29,6856.42,RANGE,EXITED,0.0,-2322.1121445919166,0.0,-2312.256144591914,0.0,-2312.256144591914,-2322.1121445919166,0.0,False,0
2026-01-02T21:00:00+00:00,SPX,2025-12-29,6858.54,RANGE,EXITED,0.0,-2322.1121445919166,0.0,-2312.256144591914,0.0,-2312.256144591914,-2322.1121445919166,0.0,False,0
2026-01-05T14:30:00+00:00,SPX,2026-01-05,6897.67,RANGE,IDLE,0.0,-2322.1121445919166,0.0,-2312.256144591914,0.0,-2312.256144591914,-2322.1121445919166,0.0,False,0
2026-01-05T15:00:00+00:00,SPX,2026-01-05,6902.9,RANGE,ACTIVE,-82.66800000000012,-2322.1121445919166,-82.668,-2312.256144591914,-82.5,-2394.756144591914,-2404.7801445919167,82.668,False,3
2026-01-05T15:30:00+00:00,SPX,2026-01-05,6912.82,RANGE,ADJUSTED,15.58630851555563,-2322.1121445919166,-67.08169148444446,-2312.256144591914,-66.85769148444446,-2379.1138360763584,-2389.193836076361,110.224,True,4
2026-01-05T16:00:00+00:00,SPX,2026-01-05,6908.11,RANGE,ADJUSTED,-0.22351524827172398,-2322.1121445919166,-67.30520673271607,-2312.256144591914,-67.08120673271607,-2379.33735132463,-2389.417351324633,110.224,True,4
2026-01-05T16:30:00+00:00,SPX,2026-01-05,6911.36,RANGE,ADJUSTED,0.3364459959261694,-2322.1121445919166,-66.96876073679014,-2312.256144591914,-66.74476073679014,-2379.0009053287044,-2389.0809053287066,110.224,True,4
2026-01-05T17:00:00+00:00,SPX,2026-01-05,6916.99,RANGE,ADJUSTED,0.22535144160474374,-2322.1121445919166,-66.74340929518517,-2312.256144591914,-66.51940929518517,-2378.7755538870992,-2388.855553887102,110.224,True,4
2026-01-05T17:30:00+00:00,SPX,2026-01-05,6909.34,RANGE,ADJUSTED,-0.15551780308624075,-2322.1121445919166,-66.8989270982716,-2312.256144591914,-66.6749270982716,-2378.9310716901855,-2389.011071690188,110.224,True,4
2026-01-05T18:00:00+00:00,SPX,2026-01-05,6912.59,RANGE,ADJUSTED,0.34177970037035266,-2322.1121445919166,-66.55714739790123,-2312.256144591914,-66.33314739790123,-2378.589291989815,-2388.669291989818,110.224,True,4
2026-01-05T18:30:00+00:00,SPX,2026-01-05,6911.2,RANGE,ADJUSTED,0.006844434938102495,-2322.1121445919166,-66.55030296296297,-2312.256144591914,-66.32630296296297,-2378.582447554877,-2388.6624475548797,110.224,True,4
2026-01-05T19:00:00+00:00,SPX,2026-01-05,6912.08,RANGE,ADJUSTED,0.1719998241974281,-2322.1121445919166,-66.37830313876545,-2312.256144591914,-66.15430313876544,-2378.4104477306796,-2388.4904477306823,110.224,True,4
2026-01-05T19:30:00+00:00,SPX,2026-01-05,6907.95,RANGE,ADJUSTED,-0.19706532049349335,-2322.1121445919166,-66.57536845925928,-2312.256144591914,-66.35136845925928,-2378.6075130511736,-2388.6875130511758,110.224,True,4
2026-01-05T20:00:00+00:00,SPX,2026-01-05,6902.15,RANGE,ADJUSTED,-0.3251956685185178,-2322.1121445919166,-66.90056412777781,-2312.256144591914,-66.6765641277778,-2378.932708719692,-2389.0127087196943,110.224,True,4
2026-01-05T20:30:00+00:00,SPX,2026-01-05,6905.65,RANGE,ADJUSTED,0.3648827043207348,-2322.1121445919166,-66.53568142345682,-2312.256144591914,-66.3116814234568,-2378.567826015371,-2388.6478260153735,110.224,True,4
2026-01-05T21:00:00+00:00,SPX,2026-01-05,6902.74,RANGE,ADJUSTED,-0.11434918271606875,-2322.1121445919166,-66.65003060617286,-2312.256144591914,-66.42603060617284,-2378.682175198087,-2388.7621751980896,110.224,True,4
2026-01-06T14:30:00+00:00,SPX,2026-01-05,6909.28,RANGE,ADJUSTED,4.22057295679042,-2322.1121445919166,-62.42945764938274,-2312.256144591914,-62.20545764938274,-2374.461602241297,-2384.541602241299,110.224,True,4
2026-01-06T15:00:00+00:00,SPX,2026-01-05,6927.41,RANGE,ADJUSTED,-0.5141875675308256,-2322.1121445919166,-62.943645216913566,-2312.256144591914,-62.71964521691356,-2374.975789808828,-2385.05578980883,110.224,True,4
2026-01-06T15:30:00+00:00,SPX,2026-01-05,6926.5,RANGE,ADJUSTED,0.1881418095058507,-2322.1121445919166,-62.7555034074074,-2312.256144591914,-62.5315034074074,-2374.7876479993215,-2384.867647999324,110.224,True,4
2026-01-06T16:00:00+00:00,SPX,2026-01-05,6911.72,RANGE,ADJUSTED,0.8743583471605234,-2322.1121445919166,-61.881145060246894,-2312.256144591914,-61.65714506024689,-2373.913289652161,-2383.9932896521636,110.224,True,4
2026-01-06T16:30:00+00:00,SPX,2026-01-05,6919.42,RANGE,ADJUSTED,0.00027202864202990895,-2322.1121445919166,-61.88087303160495,-2312.256144591914,-61.65687303160494,-2373.913017623519,-2383.9930176235216,110.224,True,4
2026-01-06T17:00:00+00:00,SPX,2026-01-05,6919.79,RANGE,ADJUSTED,0.07210216308658346,-2322.1121445919166,-61.80877086851852,-2312.256144591914,-61.58477086851851,-2373.840915460433,-2383.920915460435,110.224,True,4
2026-01-06T17:30:00+00:00,SPX,2026-01-05,6933.71,RANGE,ADJUSTED,-1.2183531379014312,-2322.1121445919166,-63.027124006419754,-2312.256144591914,-62.80312400641975,-2375.059268598334,-2385.1392685983365,110.224,True,4
2026-01-06T18:00:00+00:00,SPX,2026-01-05,6933.83,RANGE,ADJUSTED,0.08872505617273418,-2322.1121445919166,-62.938398950246906,-2312.256144591914,-62.7143989502469,-2374.970543542161,-2385.0505435421637,110.224,True,4
2026-01-06T18:30:00+00:00,SPX,2026-01-05,6933.31,RANGE,ADJUSTED,0.15016466802489958,-2322.1121445919166,-62.78823428222226,-2312.256144591914,-62.56423428222226,-2374.820378874136,-2384.900378874139,110.224,True,4
2026-01-06T19:00:00+00:00,SPX,2026-01-05,6943.02,RANGE,ADJUSTED,-0.83823682962975,-2322.1121445919166,-63.6264711118519,-2312.256144591914,-63.402471111851895,-2375.658615703766,-2385.7386157037686,110.224,True,4
2026-01-06T19:30:00+00:00,SPX,2026-01-05,6946.05,RANGE,ADJUSTED,-0.19868777703686646,-2322.1121445919166,-63.82515888888891,-2312.256144591914,-63.601158888888904,-2375.8573034808032,-2385.9373034808054,110.224,True,4
2026-01-06T20:00:00+00:00,SPX,2026-01-05,6946.7,RANGE,ADJUSTED,0.030748951851819584,-2322.1121445919166,-63.79440993703702,-2312.256144591914,-63.57040993703701,-2375.826554528951,-2385.9065545289536,110.224,True,4
2026-01-06T20:30:00+00:00,SPX,2026-01-05,6945.62,RANGE,ADJUSTED,0.19987304469123046,-2322.1121445919166,-63.59453689234567,-2312.256144591914,-63.37053689234567,-2375.6266814842597,-2385.7066814842624,110.224,True,4
2026-01-06T21:00:00+00:00,SPX,2026-01-05,6944.52,RANGE,ADJUSTED,0.20289450567906897,-2322.1121445919166,-63.39164238666672,-2312.256144591914,-63.16764238666671,-2375.4237869785807,-2385.5037869785833,110.224,True,4
2026-01-07T14:30:00+00:00,SPX,2026-01-05,6945.76,RANGE,ADJUSTED,3.1801508390121853,-2322.1121445919166,-60.21149154765435,-2312.256144591914,-59.98749154765434,-2372.2436361395685,-2382.323636139571,110.224,True,4
2026-01-07T15:00:00+00:00,SPX,2026-01-05,6945.35,RANGE,ADJUSTED,0.14195523222224438,-2322.1121445919166,-60.069536315432146,-2312.256144591914,-59.845536315432135,-2372.1016809073462,-2382.181680907349,110.224,True,4
2026-01-07T15:30:00+00:00,SPX,2026-01-05,6947.29,RANGE,ADJUSTED,-0.13161814382692683,-2322.1121445919166,-60.20115445925926,-2312.256144591914,-59.97715445925925,-2372.233299051173,-2382.313299051176,110.224,True,4
2026-01-07T16:00:00+00:00,SPX,2026-01-05,6953.5,RANGE,ADJUSTED,-0.6333895469138042,-2322.1121445919166,-60.834544006172834,-2312.256144591914,-60.61054400617283,-2372.866688598087,-2382.9466885980896,110.224,True,4
2026-01-07T16:30:00+00:00,SPX,2026-01-05,6949.79,RANGE,ADJUSTED,0.5267251733334888,-2322.1121445919166,-60.3078188328395,-2312.256144591914,-60.0838188328395,-2372.3399634247535,-2382.419963424756,110.224,True,4
2026-01-07T17:00:00+00:00,SPX,2026-01-05,6962.64,RANGE,ADJUSTED,-1.42442940716046,-2322.1121445919166,-61.73224824000005,-2312.256144591914,-61.508248240000036,-2373.764392831914,-2383.8443928319166,110.224,True,4
2026-01-07T17:30:00+00:00,SPX,2026-01-05,6961.07,RANGE,ADJUSTED,0.27224237876544066,-2322.1121445919166,-61.460005861234535,-2312.256144591914,-61.23600586123453,-2373.4921504531485,-2383.572150453151,110.224,True,4
2026-01-07T18:00:00+00:00,SPX,2026-01-05,6954.15,RANGE,ADJUSTED,0.9104847223457,-2322.1121445919166,-60.54952113888885,-2312.256144591914,-60.325521138888845,-2372.581665730803,-2382.6616657308055,110.224,True,4
2026-01-07T18:30:00+00:00,SPX,2026-01-05,6952.03,RANGE,ADJUSTED,0.34361589370382717,-2322.1121445919166,-60.205905245185164,-2312.256144591914,-59.98190524518515,-2372.2380498370994,-2382.3180498371016,110.224,True,4
2026-01-07T19:00:00+00:00,SPX,2026-01-05,6954.68,RANGE,ADJUSTED,-0.22664843530901635,-2322.1121445919166,-60.43255368049387,-2312.256144591914,-60.208553680493864,-2372.464698272408,-2382.5446982724106,110.224,True,4
2026-01-07T19:30:00+00:00,SPX,2026-01-05,6946.1,RANGE,ADJUSTED,1.1236531669137548,-2322.1121445919166,-59.3089005135803,-2312.256144591914,-59.084900513580294,-2371.3410451054942,-2381.421045105497,110.224,True,4
2026-01-07T20:00:00+00:00,SPX,2026-01-05,6943.18,RANGE,ADJUSTED,0.44738024765410955,-2322.1121445919166,-58.86152026592596,-2312.256144591914,-58.63752026592596,-2370.89366485784,-2380.973664857843,110.224,True,4
2026-01-07T20:30:00+00:00,SPX,2026-01-05,6923.21,RANGE,ADJUSTED,2.520792272098788,-2322.1121445919166,-56.34072799382717,-2312.256144591914,-56.11672799382716,-2368.3728725857413,-2378.452872585744,110.224,True,4
2026-01-07T21:00:00+00:00,SPX,2026-01-05,6921.53,RANGE,ADJUSTED,0.31014665543216324,-2322.1121445919166,-56.03058133839504,-2312.256144591914,-55.80658133839503,-2368.062725930309,-2378.142725930312,110.224,True,4
2026-01-08T14:30:00+00:00,SPX,2026-01-05,6910.7,RANGE,ADJUSTED,4.024192565555495,-2322.1121445919166,-52.00638877283953,-2312.256144591914,-51.782388772839525,-2364.0385333647537,-2374.1185333647563,110.224,True,4
2026-01-08T15:00:00+00:00,SPX,2026-01-05,6910.57,RANGE,ADJUSTED,0.08908452259265687,-2322.1121445919166,-51.91730425024696,-2312.256144591914,-51.69330425024695,-2363.949448842161,-2374.0294488421637,110.224,True,4
2026-01-08T15:30:00+00:00,SPX,2026-01-05,6919.76,RANGE,ADJUSTED,0.06097813469159519,-2322.1121445919166,-51.85632611555559,-2312.256144591914,-51.632326115555585,-2363.88847070747,-2373.968470707472,110.224,True,4
2026-01-08T16:00:00+00:00,SPX,2026-01-05,6924.6,RANGE,ADJUSTED,-0.5724842770373471,-2322.1121445919166,-52.42881039259265,-2312.256144591914,-52.20481039259265,-2364.4609549845068,-2374.5409549845094,110.224,True,4
2026-01-08T16:30:00+00:00,SPX,2026-01-05,6917.14,RANGE,ADJUSTED,1.1555388098768162,-2322.1121445919166,-51.273271582716106,-2312.256144591914,-51.049271582716095,-2363.3054161746304,-2373.3854161746326,110.224,True,4
2026-01-08T17:00:00+00:00,SPX,2026-01-05,6921.02,RANGE,ADJUSTED,-0.4402103498764518,-2322.1121445919166,-51.71348193259266,-2312.256144591914,-51.48948193259265,-2363.745626524507,-2373.825626524509,110.224,True,4
2026-01-08T17:30:00+00:00,SPX,2026-01-05,6924.11,RANGE,ADJUSTED,-0.331923519753218,-2322.1121445919166,-52.04540545234563,-2312.256144591914,-51.82140545234563,-2364.0775500442596,-2374.1575500442623,110.224,True,4
2026-01-08T18:00:00+00:00,SPX,2026-01-05,6924.62,RANGE,ADJUSTED,0.03228397061729993,-2322.1121445919166,-52.01312148172839,-2312.256144591914,-51.78912148172838,-2364.0452660736423,-2374.125266073645,110.224,True,4
2026-01-08T18:30:00+00:00,SPX,2026-01-05,6918.25,RANGE,ADJUSTED,1.0143559446914878,-2322.1121445919166,-50.998765537037045,-2312.256144591914,-50.774765537037034,-2363.0309101289513,-2373.1109101289535,110.224,True,4
2026-01-08T19:00:00+00:00,SPX,2026-01-05,6917.57,RANGE,ADJUSTED,0.2051630302466947,-2322.1121445919166,-50.79360250679008,-2312.256144591914,-50.569602506790076,-2362.825747098704,-2372.905747098707,110.224,True,4
2026-01-08T19:30:00+00:00,SPX,2026-01-05,6915.58,RANGE,ADJUSTED,0.39418407518542153,-2322.1121445919166,-50.39941843160493,-2312.256144591914,-50.175418431604925,-2362.431563023519,-2372.5115630235214,110.224,True,4
2026-01-08T20:00:00+00:00,SPX,2026-01-05,6915.34,RANGE,ADJUSTED,0.14364083827149443,-2322.1121445919166,-50.25577759333336,-2312.256144591914,-50.03177759333336,-2362.2879221852477,-2372.36792218525,110.224,True,4
2026-01-08T20:30:00+00:00,SPX,2026-01-05,6924.2,RANGE,ADJUSTED,-1.1734246930864174,-2322.1121445919166,-51.429202286419724,-2312.256144591914,-51.20520228641972,-2363.4613468783336,-2373.5413468783363,110.224,True,4
2026-01-08T21:00:00+00:00,SPX,2026-01-05,6921.1,RANGE,ADJUSTED,0.5550841592589677,-2322.1121445919166,-50.87411812716054,-2312.256144591914,-50.65011812716054,-2362.9062627190747,-2372.9862627190773,110.224,True,4
2026-01-09T14:30:00+00:00,SPX,2026-01-05,6935.7,RANGE,EXITED,1.2969053049382637,-2371.689357414139,0.0,-2361.5533574141364,0.0,-2361.5533574141364,-2371.689357414139,0.0,False,0
2026-01-09T15:00:00+00:00,SPX,2026-01-05,6931.59,RANGE,EXITED,0.0,-2371.689357414139,0.0,-2361.5533574141364,0.0,-2361.5533574141364,-2371.689357414139,0.0,False,0
2026-01-09T15:30:00+00:00,SPX,2026-01-05,6957.88,RANGE,EXITED,0.0,-2371.689357414139,0.0,-2361.5533574141364,0.0,-2361.5533574141364,-2371.689357414139,0.0,False,0
2026-01-09T16:00:00+00:00,SPX,2026-01-05,6951.6,RANGE,EXITED,0.0,-2371.689357414139,0.0,-2361.5533574141364,0.0,-2361.5533574141364,-2371.689357414139,0.0,False,0
2026-01-09T16:30:00+00:00,SPX,2026-01-05,6952.4,RANGE,EXITED,0.0,-2371.689357414139,0.0,-2361.5533574141364,0.0,-2361.5533574141364,-2371.689357414139,0.0,False,0
2026-01-09T17:00:00+00:00,SPX,2026-01-05,6967.77,RANGE,EXITED,0.0,-2371.689357414139,0.0,-2361.5533574141364,0.0,-2361.5533574141364,-2371.689357414139,0.0,False,0
2026-01-09T17:30:00+00:00,SPX,2026-01-05,6970.04,RANGE,EXITED,0.0,-2371.689357414139,0.0,-2361.5533574141364,0.0,-2361.5533574141364,-2371.689357414139,0.0,False,0
2026-01-09T18:00:00+00:00,SPX,2026-01-05,6963.13,RANGE,EXITED,0.0,-2371.689357414139,0.0,-2361.5533574141364,0.0,-2361.5533574141364,-2371.689357414139,0.0,False,0
2026-01-09T18:30:00+00:00,SPX,2026-01-05,6967.99,RANGE,EXITED,0.0,-2371.689357414139,0.0,-2361.5533574141364,0.0,-2361.5533574141364,-2371.689357414139,0.0,False,0
2026-01-09T19:00:00+00:00,SPX,2026-01-05,6970.98,RANGE,EXITED,0.0,-2371.689357414139,0.0,-2361.5533574141364,0.0,-2361.5533574141364,-2371.689357414139,0.0,False,0
2026-01-09T19:30:00+00:00,SPX,2026-01-05,6973.54,RANGE,EXITED,0.0,-2371.689357414139,0.0,-2361.5533574141364,0.0,-2361.5533574141364,-2371.689357414139,0.0,False,0
2026-01-09T20:00:00+00:00,SPX,2026-01-05,6975.76,RANGE,EXITED,0.0,-2371.689357414139,0.0,-2361.5533574141364,0.0,-2361.5533574141364,-2371.689357414139,0.0,False,0
2026-01-09T20:30:00+00:00,SPX,2026-01-05,6976.85,RANGE,EXITED,0.0,-2371.689357414139,0.0,-2361.5533574141364,0.0,-2361.5533574141364,-2371.689357414139,0.0,False,0
2026-01-09T21:00:00+00:00,SPX,2026-01-05,6965.99,RANGE,EXITED,0.0,-2371.689357414139,0.0,-2361.5533574141364,0.0,-2361.5533574141364,-2371.689357414139,0.0,False,0
2026-01-12T14:30:00+00:00,SPX,2026-01-12,6943.76,RANGE,IDLE,0.0,-2371.689357414139,0.0,-2361.5533574141364,0.0,-2361.5533574141364,-2371.689357414139,0.0,False,0
2026-01-12T15:00:00+00:00,SPX,2026-01-12,6958.51,RANGE,ACTIVE,-82.66800000000012,-2371.689357414139,-82.668,-2361.5533574141364,-82.5,-2444.0533574141364,-2454.357357414139,82.668,False,3
2026-01-12T15:30:00+00:00,SPX,2026-01-12,6956.69,RANGE,ADJUSTED,15.620584124444576,-2371.689357414139,-67.04741587555553,-2361.5533574141364,-66.82341587555553,-2428.3767732896918,-2438.7367732896946,110.224,True,4
2026-01-12T16:00:00+00:00,SPX,2026-01-12,6964.81,RANGE,ADJUSTED,-0.4634639411110584,-2371.689357414139,-67.5108798166667,-2361.5533574141364,-67.2868798166667,-2428.8402372308033,-2439.2002372308057,110.224,True,4
2026-01-12T16:30:00+00:00,SPX,2026-01-12,6969.06,RANGE,ADJUSTED,-0.19688558728421413,-2371.689357414139,-67.70776540395065,-2361.5533574141364,-67.48376540395064,-2429.037122818087,-2439.39712281809,110.224,True,4
2026-01-12T17:00:00+00:00,SPX,2026-01-12,6972.61,RANGE,ADJUSTED,-0.15102933049365674,-2371.689357414139,-67.85879473444443,-2361.5533574141364,-67.63479473444443,-2429.1881521485807,-2439.5481521485835,110.224,True,4
2026-01-12T17:30:00+00:00,SPX,2026-01-12,6969.55,RANGE,ADJUSTED,0.32073634185189803,-2371.689357414139,-67.5380583925926,-2361.5533574141364,-67.3140583925926,-2428.867415806729,-2439.2274158067316,110.224,True,4
2026-01-12T18:00:00+00:00,SPX,2026-01-12,6974.35,RANGE,ADJUSTED,-0.24519010185167645,-2371.689357414139,-67.78324849444448,-2361.5533574141364,-67.55924849444446,-2429.112605908581,-2439.4726059085833,110.224,True,4
2026-01-12T18:30:00+00:00,SPX,2026-01-12,6975.51,RANGE,ADJUSTED,0.015374475925909792,-2371.689357414139,-67.76787401851854,-2361.5533574141364,-67.54387401851854,-2429.097231432655,-2439.4572314326574,110.224,True,4
2026-01-12T19:00:00+00:00,SPX,2026-01-12,6975.63,RANGE,ADJUSTED,0.09053210358024444,-2371.689357414139,-67.67734191493828,-2361.5533574141364,-67.45334191493828,-2429.0066993290748,-2439.366699329077,110.224,True,4
2026-01-12T19:30:00+00:00,SPX,2026-01-12,6982.31,RANGE,ADJUSTED,-0.3939509077781622,-2371.689357414139,-68.07129282271609,-2361.5533574141364,-67.84729282271607,-2429.4006502368525,-2439.7606502368553,110.224,True,4
2026-01-12T20:00:00+00:00,SPX,2026-01-12,6983.47,RANGE,ADJUSTED,0.009817319382818823,-2371.689357414139,-68.06147550333336,-2361.5533574141364,-67.83747550333335,-2429.3908329174697,-2439.7508329174725,110.224,True,4
2026-01-12T20:30:00+00:00,SPX,2026-01-12,6979.39,RANGE,ADJUSTED,0.40068361666681085,-2371.689357414139,-67.6607918866667,-2361.5533574141364,-67.4367918866667,-2428.990149300803,-2439.3501493008057,110.224,True,4
2026-01-12T21:00:00+00:00,SPX,2026-01-12,6976.72,RANGE,ADJUSTED,0.2984834274075183,-2371.689357414139,-67.36230845925928,-2361.5533574141364,-67.13830845925928,-2428.691665873396,-2439.051665873398,110.224,True,4
2026-01-13T14:30:00+00:00,SPX,2026-01-12,6983.52,RANGE,ADJUSTED,2.828514958024698,-2371.689357414139,-64.53379350123461,-2361.5533574141364,-64.30979350123461,-2425.863150915371,-2436.2231509153735,110.224,True,4
2026-01-13T15:00:00+00:00,SPX,2026-01-12,6962.23,RANGE,ADJUSTED,2.070754887530711,-2371.689357414139,-62.46303861370366,-2361.5533574141364,-62.239038613703656,-2423.79239602784,-2434.1523960278428,110.224,True,4
2026-01-13T15:30:00+00:00,SPX,2026-01-12,6956.33,RANGE,ADJUSTED,0.6560602196295804,-2371.689357414139,-61.806978394074065,-2361.5533574141364,-61.58297839407406,-2423.1363358082103,-2433.496335808213,110.224,True,4
2026-01-13T16:00:00+00:00,SPX,2026-01-12,6962.01,RANGE,ADJUSTED,-0.4238643430862794,-2371.689357414139,-62.230842737160515,-2361.5533574141364,-62.00684273716051,-2423.560200151297,-2433.9202001512995,110.224,True,4
2026-01-13T16:30:00+00:00,SPX,2026-01-12,6966.26,RANGE,ADJUSTED,-0.29462159222248374,-2371.689357414139,-62.52546432938274,-2361.5533574141364,-62.30146432938273,-2423.854821743519,-2434.214821743522,110.224,True,4
2026-01-13T17:00:00+00:00,SPX,2026-01-12,6975.36,RANGE,ADJUSTED,-0.7581632558021738,-2371.689357414139,-63.28362758518516,-2361.5533574141364,-63.05962758518515,-2424.6129849993217,-2434.972984999324,110.224,True,4
2026-01-13T17:30:00+00:00,SPX,2026-01-12,6970.2,RANGE,ADJUSTED,0.5906907654321003,-2371.689357414139,-62.69293681975307,-2361.5533574141364,-62.46893681975306,-2424.0222942338896,-2434.382294233892,110.224,True,4
2026-01-13T18:00:00+00:00,SPX,2026-01-12,6950.88,RANGE,ADJUSTED,1.162222942221888,-2371.689357414139,-61.53071387753086,-2361.5533574141364,-61.30671387753085,-2422.8600712916673,-2433.22007129167,110.224,True,4
2026-01-13T18:30:00+00:00,SPX,2026-01-12,6957.83,RANGE,ADJUSTED,0.23137007530885967,-2371.689357414139,-61.29934380222221,-2361.5533574141364,-61.07534380222221,-2422.6287012163584,-2432.9887012163613,110.224,True,4
2026-01-13T19:00:00+00:00,SPX,2026-01-12,6949.32,RANGE,ADJUSTED,-0.16757935876557895,-2371.689357414139,-61.46692316098769,-2361.5533574141364,-61.24292316098768,-2422.796280575124,-2433.156280575127,110.224,True,4
2026-01-13T19:30:00+00:00,SPX,2026-01-12,6953.57,RANGE,ADJUSTED,0.519438691851974,-2371.689357414139,-60.94748446913583,-2361.5533574141364,-60.723484469135826,-2422.276841883272,-2432.636841883275,110.224,True,4
2026-01-13T20:00:00+00:00,SPX,2026-01-12,6951.62,RANGE,ADJUSTED,-0.08179318345673892,-2371.689357414139,-61.02927765259261,-2361.5533574141364,-60.8052776525926,-2422.3586350667288,-2432.7186350667316,110.224,True,4
2026-01-13T20:30:00+00:00,SPX,2026-01-12,6940.39,RANGE,ADJUSTED,-0.994284117036841,-2371.689357414139,-62.023561769629595,-2361.5533574141364,-61.79956176962959,-2423.352919183766,-2433.7129191837685,110.224,True,4
2026-01-13T21:00:00+00:00,SPX,2026-01-12,6962.98,RANGE,ADJUSTED,0.7559870266663893,-2371.689357414139,-61.26757474296292,-2361.5533574141364,-61.04357474296292,-2422.596932157099,-2432.956932157102,110.224,True,4
2026-01-14T14:30:00+00:00,SPX,2026-01-12,6940.09,RANGE,ADJUSTED,2.8885361348147853,-2371.689357414139,-58.379038608148136,-2361.5533574141364,-58.155038608148125,-2419.7083960222844,-2430.0683960222873,110.224,True,4
2026-01-14T15:00:00+00:00,SPX,2026-01-12,6906.6,RANGE,ADJUSTED,-3.7860654930864257,-2371.689357414139,-62.16510410123453,-2361.5533574141364,-61.94110410123452,-2423.494461515371,-2433.8544615153737,110.224,True,4
2026-01-14T15:30:00+00:00,SPX,2026-01-12,6905.66,RANGE,ADJUSTED,-0.023802506172614812,-2371.689357414139,-62.18890660740743,-2361.5533574141364,-61.96490660740742,-2423.518264021544,-2433.8782640215463,110.224,True,4
2026-01-14T16:00:00+00:00,SPX,2026-01-12,6899.69,RANGE,ADJUSTED,-0.6135751749384326,-2371.689357414139,-62.80248178234572,-2361.5533574141364,-62.57848178234572,-2424.131839196482,-2434.4918391964848,110.224,True,4
2026-01-14T16:30:00+00:00,SPX,2026-01-12,6912.02,RANGE,ADJUSTED,1.531885578395304,-2371.689357414139,-61.27059620395056,-2361.5533574141364,-61.04659620395056,-2422.599953618087,-2432.9599536180895,110.224,True,4
2026-01-14T17:00:00+00:00,SPX,2026-01-12,6890.24,RANGE,ADJUSTED,-2.482513956049843,-2371.689357414139,-63.753110160000034,-2361.5533574141364,-63.52911016000002,-2425.0824675741364,-2435.4424675741393,110.224,True,4
2026-01-14T17:30:00+00:00,SPX,2026-01-12,6887.07,RANGE,ADJUSTED,-0.2978907935798816,-2371.689357414139,-64.05100095358029,-2361.5533574141364,-63.82700095358028,-2425.380358367717,-2435.740358367719,110.224,True,4
2026-01-14T18:00:00+00:00,SPX,2026-01-12,6895.69,RANGE,ADJUSTED,1.1021871924690458,-2371.689357414139,-62.94881376111117,-2361.5533574141364,-62.72481376111116,-2424.2781711752477,-2434.63817117525,110.224,True,4
2026-01-14T18:30:00+00:00,SPX,2026-01-12,6891.84,RANGE,ADJUSTED,-0.3795819662964277,-2371.689357414139,-63.3283957274074,-2361.5533574141364,-63.10439572740739,-2424.6577531415437,-2435.0177531415466,110.224,True,4
2026-01-14T19:00:00+00:00,SPX,2026-01-12,6903.59,RANGE,ADJUSTED,1.488429002839439,-2371.689357414139,-61.83996672456789,-2361.5533574141364,-61.61596672456788,-2423.1693241387043,-2433.529324138707,110.224,True,4
2026-01-14T19:30:00+00:00,SPX,2026-01-12,6904.09,RANGE,ADJUSTED,0.1445589349382317,-2371.689357414139,-61.69540778962961,-2361.5533574141364,-61.47140778962961,-2423.024765203766,-2433.384765203769,110.224,True,4
2026-01-14T20:00:00+00:00,SPX,2026-01-12,6907.8,RANGE,ADJUSTED,0.5333121525927709,-2371.689357414139,-61.16209563703701,-2361.5533574141364,-60.93809563703701,-2422.4914530511733,-2432.851453051176,110.224,True,4
2026-01-14T20:30:00+00:00,SPX,2026-01-12,6923.94,RANGE,ADJUSTED,2.0464326123455976,-2371.689357414139,-59.115663024691415,-2361.5533574141364,-58.89166302469141,-2420.4450204388277,-2430.8050204388305,110.224,True,4
2026-01-14T21:00:00+00:00,SPX,2026-01-12,6928.41,RANGE,ADJUSTED,0.6392235897533283,-2371.689357414139,-58.476439434938285,-2361.5533574141364,-58.25243943493828,-2419.805796849075,-2430.165796849077,110.224,True,4
2026-01-15T14:30:00+00:00,SPX,2026-01-12,6966.48,RANGE,ADJUSTED,5.472541062592427,-2371.689357414139,-53.00389837234562,-2361.5533574141364,-52.77989837234561,-2414.333255786482,-2424.6932557864848,110.224,True,4
2026-01-15T15:00:00+00:00,SPX,2026-01-12,6961.44,RANGE,ADJUSTED,0.8063706172838465,-2371.689357414139,-52.19752775506167,-2361.5533574141364,-51.97352775506167,-2413.526885169198,-2423.886885169201,110.224,True,4
2026-01-15T15:30:00+00:00,SPX,2026-01-12,6970.35,RANGE,ADJUSTED,-1.1403440671606404,-2371.689357414139,-53.33787182222228,-2361.5533574141364,-53.11387182222227,-2414.6672292363587,-2425.0272292363616,110.224,True,4
2026-01-15T16:00:00+00:00,SPX,2026-01-12,6972.77,RANGE,ADJUSTED,-0.23789390506135533,-2371.689357414139,-53.57576572728402,-2361.5533574141364,-53.35176572728401,-2414.9051231414205,-2425.265123141423,110.224,True,4
2026-01-15T16:30:00+00:00,SPX,2026-01-12,6970.82,RANGE,ADJUSTED,0.37536552234541887,-2371.689357414139,-53.200400204938234,-2361.5533574141364,-52.97640020493823,-2414.5297576190746,-2424.8897576190775,110.224,True,4
2026-01-15T17:00:00+00:00,SPX,2026-01-12,6978.67,RANGE,ADJUSTED,-1.008045851728184,-2371.689357414139,-54.20844605666669,-2361.5533574141364,-53.98444605666668,-2415.537803470803,-2425.8978034708057,110.224,True,4
2026-01-15T17:30:00+00:00,SPX,2026-01-12,6968.53,RANGE,ADJUSTED,1.5360923070370518,-2371.689357414139,-52.67235374962959,-2361.5533574141364,-52.44835374962959,-2414.001711163766,-2424.3617111637686,110.224,True,4
2026-01-15T18:00:00+00:00,SPX,2026-01-12,6970.05,RANGE,ADJUSTED,-0.11361567691346863,-2371.689357414139,-52.78596942654325,-2361.5533574141364,-52.561969426543236,-2414.1153268406797,-2424.475326840682,110.224,True,4
2026-01-15T18:30:00+00:00,SPX,2026-01-12,6975.39,RANGE,ADJUSTED,-0.6606458453088635,-2371.689357414139,-53.4466152718519,-2361.5533574141364,-53.22261527185189,-2414.775972685988,-2425.135972685991,110.224,True,4
2026-01-15T19:00:00+00:00,SPX,2026-01-12,6966.67,RANGE,ADJUSTED,1.3489754625925343,-2371.689357414139,-52.09763980925926,-2361.5533574141364,-51.87363980925926,-2413.4269972233956,-2423.7869972233984,110.224,True,4
2026-01-15T19:30:00+00:00,SPX,2026-01-12,6956.87,RANGE,ADJUSTED,1.5127367050617977,-2371.689357414139,-50.58490310419751,-2361.5533574141364,-50.360903104197504,-2411.914260518334,-2422.2742605183366,110.224,True,4
2026-01-15T20:00:00+00:00,SPX,2026-01-12,6953.12,RANGE,ADJUSTED,0.10694611753069694,-2371.689357414139,-50.47795698666668,-2361.5533574141364,-50.25395698666668,-2411.807314400803,-2422.167314400806,110.224,True,4
2026-01-15T20:30:00+00:00,SPX,2026-01-12,6943.12,RANGE,ADJUSTED,-1.339197004444486,-2371.689357414139,-51.81715399111113,-2361.5533574141364,-51.59315399111112,-2413.1465114052476,-2423.5065114052504,110.224,True,4
2026-01-15T21:00:00+00:00,SPX,2026-01-12,6944.97,RANGE,ADJUSTED,0.3722274776546328,-2371.689357414139,-51.44492651345675,-2361.5533574141364,-51.220926513456746,-2412.774283927593,-2423.134283927596,110.224,True,4
2026-01-16T14:30:00+00:00,SPX,2026-01-12,6963.66,RANGE,EXITED,3.8211513692590415,-2419.3131325583367,0.0,-2408.897132558334,0.0,-2408.897132558334,-2419.3131325583367,0.0,False,0
2026-01-16T15:00:00+00:00,SPX,2026-01-12,6944.88,RANGE,EXITED,0.0,-2419.3131325583367,0.0,-2408.897132558334,0.0,-2408.897132558334,-2419.3131325583367,0.0,False,0
2026-01-16T15:30:00+00:00,SPX,2026-01-12,6934.89,RANGE,EXITED,0.0,-2419.3131325583367,0.0,-2408.897132558334,0.0,-2408.897132558334,-2419.3131325583367,0.0,False,0
2026-01-16T16:00:00+00:00,SPX,2026-01-12,6940.5,RANGE,EXITED,0.0,-2419.3131325583367,0.0,-2408.897132558334,0.0,-2408.897132558334,-2419.3131325583367,0.0,False,0
2026-01-16T16:30:00+00:00,SPX,2026-01-12,6951.63,RANGE,EXITED,0.0,-2419.3131325583367,0.0,-2408.897132558334,0.0,-2408.897132558334,-2419.3131325583367,0.0,False,0
2026-01-16T17:00:00+00:00,SPX,2026-01-12,6950.23,RANGE,EXITED,0.0,-2419.3131325583367,0.0,-2408.897132558334,0.0,-2408.897132558334,-2419.3131325583367,0.0,False,0
2026-01-16T17:30:00+00:00,SPX,2026-01-12,6950.5,RANGE,EXITED,0.0,-2419.3131325583367,0.0,-2408.897132558334,0.0,-2408.897132558334,-2419.3131325583367,0.0,False,0
2026-01-16T18:00:00+00:00,SPX,2026-01-12,6947.4,RANGE,EXITED,0.0,-2419.3131325583367,0.0,-2408.897132558334,0.0,-2408.897132558334,-2419.3131325583367,0.0,False,0
2026-01-16T18:30:00+00:00,SPX,2026-01-12,6956.05,RANGE,EXITED,0.0,-2419.3131325583367,0.0,-2408.897132558334,0.0,-2408.897132558334,-2419.3131325583367,0.0,False,0
2026-01-16T19:00:00+00:00,SPX,2026-01-12,6957.93,RANGE,EXITED,0.0,-2419.3131325583367,0.0,-2408.897132558334,0.0,-2408.897132558334,-2419.3131325583367,0.0,False,0
2026-01-16T19:30:00+00:00,SPX,2026-01-12,6948.53,RANGE,EXITED,0.0,-2419.3131325583367,0.0,-2408.897132558334,0.0,-2408.897132558334,-2419.3131325583367,0.0,False,0
2026-01-16T20:00:00+00:00,SPX,2026-01-12,6950.79,RANGE,EXITED,0.0,-2419.3131325583367,0.0,-2408.897132558334,0.0,-2408.897132558334,-2419.3131325583367,0.0,False,0
2026-01-16T20:30:00+00:00,SPX,2026-01-12,6943.92,RANGE,EXITED,0.0,-2419.3131325583367,0.0,-2408.897132558334,0.0,-2408.897132558334,-2419.3131325583367,0.0,False,0
2026-01-16T21:00:00+00:00,SPX,2026-01-12,6939.46,RANGE,EXITED,0.0,-2419.3131325583367,0.0,-2408.897132558334,0.0,-2408.897132558334,-2419.3131325583367,0.0,False,0
2026-01-20T14:30:00+00:00,SPX,2026-01-19,6849.04,TREND_DOWN,IDLE,0.0,-2419.3131325583367,0.0,-2408.897132558334,0.0,-2408.897132558334,-2419.3131325583367,0.0,False,0
2026-01-20T15:00:00+00:00,SPX,2026-01-19,6842.46,RANGE,ACTIVE,-82.66800000000012,-2419.3131325583367,-82.668,-2408.897132558334,-82.5,-2491.397132558334,-2501.981132558337,82.668,False,3
2026-01-20T15:30:00+00:00,SPX,2026-01-19,6869.13,RANGE,ADJUSTED,15.677943306666748,-2419.3131325583367,-66.99005669333333,-2408.897132558334,-66.76605669333333,-2475.663189251667,-2486.30318925167,110.224,True,4
2026-01-20T16:00:00+00:00,SPX,2026-01-19,6858.76,RANGE,ADJUSTED,-0.6215465856789706,-2419.3131325583367,-67.61160327901233,-2408.897132558334,-67.38760327901232,-2476.284735837346,-2486.924735837349,110.224,True,4
2026-01-20T16:30:00+00:00,SPX,2026-01-19,6862.53,RANGE,ADJUSTED,0.37121222790119646,-2419.3131325583367,-67.24039105111113,-2408.897132558334,-67.01639105111113,-2475.913523609445,-2486.553523609448,110.224,True,4
2026-01-20T17:00:00+00:00,SPX,2026-01-19,6858.17,RANGE,ADJUSTED,-0.20566822629643866,-2419.3131325583367,-67.4460592774074,-2408.897132558334,-67.2220592774074,-2476.1191918357413,-2486.7591918357443,110.224,True,4
2026-01-20T17:30:00+00:00,SPX,2026-01-19,6839.94,TREND_DOWN,ABORTED,-1.263063949259049,-2488.0222557850034,0.0,-2477.3262557850007,0.0,-2477.3262557850007,-2488.0222557850034,0.0,False,0
2026-01-20T18:00:00+00:00,SPX,2026-01-19,6833.24,TREND_DOWN,ABORTED,0.0,-2488.0222557850034,0.0,-2477.3262557850007,0.0,-2477.3262557850007,-2488.0222557850034,0.0,False,0
2026-01-20T18:30:00+00:00,SPX,2026-01-19,6822.33,TREND_DOWN,ABORTED,0.0,-2488.0222557850034,0.0,-2477.3262557850007,0.0,-2477.3262557850007,-2488.0222557850034,0.0,False,0
2026-01-20T19:00:00+00:00,SPX,2026-01-19,6810.9,TREND_DOWN,ABORTED,0.0,-2488.0222557850034,0.0,-2477.3262557850007,0.0,-2477.3262557850007,-2488.0222557850034,0.0,False,0
2026-01-20T19:30:00+00:00,SPX,2026-01-19,6798.82,TREND_DOWN,ABORTED,0.0,-2488.0222557850034,0.0,-2477.3262557850007,0.0,-2477.3262557850007,-2488.0222557850034,0.0,False,0
2026-01-20T20:00:00+00:00,SPX,2026-01-19,6799.77,TREND_DOWN,ABORTED,0.0,-2488.0222557850034,0.0,-2477.3262557850007,0.0,-2477.3262557850007,-2488.0222557850034,0.0,False,0
2026-01-20T20:30:00+00:00,SPX,2026-01-19,6797.33,TREND_DOWN,ABORTED,0.0,-2488.0222557850034,0.0,-2477.3262557850007,0.0,-2477.3262557850007,-2488.0222557850034,0.0,False,0
2026-01-20T21:00:00+00:00,SPX,2026-01-19,6796.76,TREND_DOWN,ABORTED,0.0,-2488.0222557850034,0.0,-2477.3262557850007,0.0,-2477.3262557850007,-2488.0222557850034,0.0,False,0
2026-01-21T14:30:00+00:00,SPX,2026-01-19,6819.34,TREND_DOWN,ABORTED,0.0,-2488.0222557850034,0.0,-2477.3262557850007,0.0,-2477.3262557850007,-2488.0222557850034,0.0,False,0
2026-01-21T15:00:00+00:00,SPX,2026-01-19,6846.52,RANGE,ABORTED,0.0,-2488.0222557850034,0.0,-2477.3262557850007,0.0,-2477.3262557850007,-2488.0222557850034,0.0,False,0
2026-01-21T15:30:00+00:00,SPX,2026-01-19,6861.51,RANGE,ABORTED,0.0,-2488.0222557850034,0.0,-2477.3262557850007,0.0,-2477.3262557850007,-2488.0222557850034,0.0,False,0
2026-01-21T16:00:00+00:00,SPX,2026-01-19,6868.05,RANGE,ABORTED,0.0,-2488.0222557850034,0.0,-2477.3262557850007,0.0,-2477.3262557850007,-2488.0222557850034,0.0,False,0
2026-01-21T16:30:00+00:00,SPX,2026-01-19,6859.05,RANGE,ABORTED,0.0,-2488.0222557850034,0.0,-2477.3262557850007,0.0,-2477.3262557850007,-2488.0222557850034,0.0,False,0
2026-01-21T17:00:00+00:00,SPX,2026-01-19,6823.49,RANGE,ABORTED,0.0,-2488.0222557850034,0.0,-2477.3262557850007,0.0,-2477.3262557850007,-2488.0222557850034,0.0,False,0
2026-01-21T17:30:00+00:00,SPX,2026-01-19,6817.87,RANGE,ABORTED,0.0,-2488.0222557850034,0.0,-2477.3262557850007,0.0,-2477.3262557850007,-2488.0222557850034,0.0,False,0
2026-01-21T18:00:00+00:00,SPX,2026-01-19,6812.04,TREND_DOWN,ABORTED,0.0,-2488.0222557850034,0.0,-2477.3262557850007,0.0,-2477.3262557850007,-2488.0222557850034,0.0,False,0
2026-01-21T18:30:00+00:00,SPX,2026-01-19,6829.92,RANGE,ABORTED,0.0,-2488.0222557850034,0.0,-2477.3262557850007,0.0,-2477.3262557850007,-2488.0222557850034,0.0,False,0
2026-01-21T19:00:00+00:00,SPX,2026-01-19,6828.1,RANGE,ABORTED,0.0,-2488.0222557850034,0.0,-2477.3262557850007,0.0,-2477.3262557850007,-2488.0222557850034,0.0,False,0
2026-01-21T19:30:00+00:00,SPX,2026-01-19,6877.6,RANGE,ABORTED,0.0,-2488.0222557850034,0.0,-2477.3262557850007,0.0,-2477.3262557850007,-2488.0222557850034,0.0,False,0
2026-01-21T20:00:00+00:00,SPX,2026-01-19,6901.05,RANGE,ABORTED,0.0,-2488.0222557850034,0.0,-2477.3262557850007,0.0,-2477.3262557850007,-2488.0222557850034,0.0,False,0
2026-01-21T20:30:00+00:00,SPX,2026-01-19,6881.48,RANGE,ABORTED,0.0,-2488.0222557850034,0.0,-2477.3262557850007,0.0,-2477.3262557850007,-2488.0222557850034,0.0,False,0
2026-01-21T21:00:00+00:00,SPX,2026-01-19,6875.48,RANGE,ABORTED,0.0,-2488.0222557850034,0.0,-2477.3262557850007,0.0,-2477.3262557850007,-2488.0222557850034,0.0,False,0
2026-01-22T14:30:00+00:00,SPX,2026-01-19,6924.15,RANGE,ABORTED,0.0,-2488.0222557850034,0.0,-2477.3262557850007,0.0,-2477.3262557850007,-2488.0222557850034,0.0,False,0
2026-01-22T15:00:00+00:00,SPX,2026-01-19,6896.99,RANGE,ABORTED,0.0,-2488.0222557850034,0.0,-2477.3262557850007,0.0,-2477.3262557850007,-2488.0222557850034,0.0,False,0
2026-01-22T15:30:00+00:00,SPX,2026-01-19,6912.7,RANGE,ABORTED,0.0,-2488.0222557850034,0.0,-2477.3262557850007,0.0,-2477.3262557850007,-2488.0222557850034,0.0,False,0
2026-01-22T16:00:00+00:00,SPX,2026-01-19,6915.4,RANGE,ABORTED,0.0,-2488.0222557850034,0.0,-2477.3262557850007,0.0,-2477.3262557850007,-2488.0222557850034,0.0,False,0
2026-01-22T16:30:00+00:00,SPX,2026-01-19,6922.09,RANGE,ABORTED,0.0,-2488.0222557850034,0.0,-2477.3262557850007,0.0,-2477.3262557850007,-2488.0222557850034,0.0,False,0
2026-01-22T17:00:00+00:00,SPX,2026-01-19,6923.86,RANGE,ABORTED,0.0,-2488.0222557850034,0.0,-2477.3262557850007,0.0,-2477.3262557850007,-2488.0222557850034,0.0,False,0
2026-01-22T17:30:00+00:00,SPX,2026-01-19,6931.82,RANGE,ABORTED,0.0,-2488.0222557850034,0.0,-2477.3262557850007,0.0,-2477.3262557850007,-2488.0222557850034,0.0,False,0
2026-01-22T18:00:00+00:00,SPX,2026-01-19,6933.64,RANGE,ABORTED,0.0,-2488.0222557850034,0.0,-2477.3262557850007,0.0,-2477.3262557850007,-2488.0222557850034,0.0,False,0
2026-01-22T18:30:00+00:00,SPX,2026-01-19,6930.97,RANGE,ABORTED,0.0,-2488.0222557850034,0.0,-2477.3262557850007,0.0,-2477.3262557850007,-2488.0222557850034,0.0,False,0
2026-01-22T19:00:00+00:00,SPX,2026-01-19,6929.03,RANGE,ABORTED,0.0,-2488.0222557850034,0.0,-2477.3262557850007,0.0,-2477.3262557850007,-2488.0222557850034,0.0,False,0
2026-01-22T19:30:00+00:00,SPX,2026-01-19,6927.23,RANGE,ABORTED,0.0,-2488.0222557850034,0.0,-2477.3262557850007,0.0,-2477.3262557850007,-2488.0222557850034,0.0,False,0
2026-01-22T20:00:00+00:00,SPX,2026-01-19,6914.18,RANGE,ABORTED,0.0,-2488.0222557850034,0.0,-2477.3262557850007,0.0,-2477.3262557850007,-2488.0222557850034,0.0,False,0
2026-01-22T20:30:00+00:00,SPX,2026-01-19,6903.1,RANGE,ABORTED,0.0,-2488.0222557850034,0.0,-2477.3262557850007,0.0,-2477.3262557850007,-2488.0222557850034,0.0,False,0
2026-01-22T21:00:00+00:00,SPX,2026-01-19,6912.54,RANGE,ABORTED,0.0,-2488.0222557850034,0.0,-2477.3262557850007,0.0,-2477.3262557850007,-2488.0222557850034,0.0,False,0
2026-01-23T14:30:00+00:00,SPX,2026-01-19,6900.88,RANGE,ABORTED,0.0,-2488.0222557850034,0.0,-2477.3262557850007,0.0,-2477.3262557850007,-2488.0222557850034,0.0,False,0
2026-01-23T15:00:00+00:00,SPX,2026-01-19,6916.01,RANGE,ABORTED,0.0,-2488.0222557850034,0.0,-2477.3262557850007,0.0,-2477.3262557850007,-2488.0222557850034,0.0,False,0
2026-01-23T15:30:00+00:00,SPX,2026-01-19,6918.93,RANGE,ABORTED,0.0,-2488.0222557850034,0.0,-2477.3262557850007,0.0,-2477.3262557850007,-2488.0222557850034,0.0,False,0
2026-01-23T16:00:00+00:00,SPX,2026-01-19,6931.71,RANGE,ABORTED,0.0,-2488.0222557850034,0.0,-2477.3262557850007,0.0,-2477.3262557850007,-2488.0222557850034,0.0,False,0
2026-01-23T16:30:00+00:00,SPX,2026-01-19,6919.52,RANGE,ABORTED,0.0,-2488.0222557850034,0.0,-2477.3262557850007,0.0,-2477.3262557850007,-2488.0222557850034,0.0,False,0
2026-01-23T17:00:00+00:00,SPX,2026-01-19,6923.43,RANGE,ABORTED,0.0,-2488.0222557850034,0.0,-2477.3262557850007,0.0,-2477.3262557850007,-2488.0222557850034,0.0,False,0
2026-01-23T17:30:00+00:00,SPX,2026-01-19,6920.53,RANGE,ABORTED,0.0,-2488.0222557850034,0.0,-2477.3262557850007,0.0,-2477.3262557850007,-2488.0222557850034,0.0,False,0
2026-01-23T18:00:00+00:00,SPX,2026-01-19,6906.96,RANGE,ABORTED,0.0,-2488.0222557850034,0.0,-2477.3262557850007,0.0,-2477.3262557850007,-2488.0222557850034,0.0,False,0
2026-01-23T18:30:00+00:00,SPX,2026-01-19,6909.1,RANGE,ABORTED,0.0,-2488.0222557850034,0.0,-2477.3262557850007,0.0,-2477.3262557850007,-2488.0222557850034,0.0,False,0
2026-01-23T19:00:00+00:00,SPX,2026-01-19,6918.11,RANGE,ABORTED,0.0,-2488.0222557850034,0.0,-2477.3262557850007,0.0,-2477.3262557850007,-2488.0222557850034,0.0,False,0
2026-01-23T19:30:00+00:00,SPX,2026-01-19,6919.05,RANGE,ABORTED,0.0,-2488.0222557850034,0.0,-2477.3262557850007,0.0,-2477.3262557850007,-2488.0222557850034,0.0,False,0
2026-01-23T20:00:00+00:00,SPX,2026-01-19,6915.56,RANGE,ABORTED,0.0,-2488.0222557850034,0.0,-2477.3262557850007,0.0,-2477.3262557850007,-2488.0222557850034,0.0,False,0
2026-01-23T20:30:00+00:00,SPX,2026-01-19,6911.96,RANGE,ABORTED,0.0,-2488.0222557850034,0.0,-2477.3262557850007,0.0,-2477.3262557850007,-2488.0222557850034,0.0,False,0
2026-01-23T21:00:00+00:00,SPX,2026-01-19,6915.16,RANGE,ABORTED,0.0,-2488.0222557850034,0.0,-2477.3262557850007,0.0,-2477.3262557850007,-2488.0222557850034,0.0,False,0
2026-01-26T14:30:00+00:00,SPX,2026-01-26,6935.89,RANGE,IDLE,0.0,-2488.0222557850034,0.0,-2477.3262557850007,0.0,-2477.3262557850007,-2488.0222557850034,0.0,False,0
2026-01-26T15:00:00+00:00,SPX,2026-01-26,6945.82,RANGE,ACTIVE,-82.66800000000012,-2488.0222557850034,-82.668,-2477.3262557850007,-82.5,-2559.8262557850007,-2570.6902557850035,82.668,False,3
2026-01-26T15:30:00+00:00,SPX,2026-01-26,6952.47,RANGE,ADJUSTED,15.566022951111336,-2488.0222557850034,-67.10197704888891,-2477.3262557850007,-66.87797704888891,-2544.20423283389,-2555.124232833892,110.224,True,4
2026-01-26T16:00:00+00:00,SPX,2026-01-26,6952.46,RANGE,ADJUSTED,0.10880174148132937,-2488.0222557850034,-66.99317530740741,-2477.3262557850007,-66.76917530740741,-2544.095431092408,-2555.015431092411,110.224,True,4
2026-01-26T16:30:00+00:00,SPX,2026-01-26,6953.42,RANGE,ADJUSTED,0.04001735629617542,-2488.0222557850034,-66.95315795111112,-2477.3262557850007,-66.72915795111112,-2544.055413736112,-2554.9754137361147,110.224,True,4
2026-01-26T17:00:00+00:00,SPX,2026-01-26,6959.03,RANGE,ADJUSTED,-0.29296027444434003,-2488.0222557850034,-67.24611822555555,-2477.3262557850007,-67.02211822555554,-2544.348374010556,-2555.268374010559,110.224,True,4
2026-01-26T17:30:00+00:00,SPX,2026-01-26,6957.7,RANGE,ADJUSTED,0.20052882802474414,-2488.0222557850034,-67.04558939753085,-2477.3262557850007,-66.82158939753084,-2544.1478451825315,-2555.0678451825343,110.224,True,4
2026-01-26T18:00:00+00:00,SPX,2026-01-26,6955.65,RANGE,ADJUSTED,0.25393387962958514,-2488.0222557850034,-66.7916555179012,-2477.3262557850007,-66.5676555179012,-2543.893911302902,-2554.8139113029047,110.224,True,4
2026-01-26T18:30:00+00:00,SPX,2026-01-26,6963.81,RANGE,ADJUSTED,-0.4880242413578344,-2488.0222557850034,-67.2796797592593,-2477.3262557850007,-67.05567975925928,-2544.38193554426,-2555.3019355442625,110.224,True,4
2026-01-26T19:00:00+00:00,SPX,2026-01-26,6959.0,RANGE,ADJUSTED,0.4554050925926276,-2488.0222557850034,-66.82427466666667,-2477.3262557850007,-66.60027466666666,-2543.9265304516675,-2554.84653045167,110.224,True,4
2026-01-26T19:30:00+00:00,SPX,2026-01-26,6960.7,RANGE,ADJUSTED,-0.020596454321093915,-2488.0222557850034,-66.84487112098765,-2477.3262557850007,-66.62087112098763,-2543.947126905988,-2554.867126905991,110.224,True,4
2026-01-26T20:00:00+00:00,SPX,2026-01-26,6960.36,RANGE,ADJUSTED,0.12936904987645903,-2488.0222557850034,-66.71550207111109,-2477.3262557850007,-66.49150207111109,-2543.8177578561117,-2554.7377578561145,110.224,True,4
2026-01-26T20:30:00+00:00,SPX,2026-01-26,6960.67,RANGE,ADJUSTED,0.0810742506173483,-2488.0222557850034,-66.63442782049384,-2477.3262557850007,-66.41042782049382,-2543.7366836054944,-2554.656683605497,110.224,True,4
2026-01-26T21:00:00+00:00,SPX,2026-01-26,6950.15,RANGE,ADJUSTED,0.8962032186418583,-2488.0222557850034,-65.73822460185183,-2477.3262557850007,-65.51422460185182,-2542.8404803868525,-2553.7604803868553,110.224,True,4
2026-01-27T14:30:00+00:00,SPX,2026-01-26,6965.89,RANGE,ADJUSTED,2.3701224080245993,-2488.0222557850034,-63.3681021938272,-2477.3262557850007,-63.144102193827194,-2540.470357978828,-2551.3903579788307,110.224,True,4
2026-01-27T15:00:00+00:00,SPX,2026-01-26,6975.23,TREND_UP,ABORTED,-0.8209979754319647,-2552.2113559542627,0.0,-2541.23535595426,0.0,-2541.23535595426,-2552.2113559542627,0.0,False,0
2026-01-27T15:30:00+00:00,SPX,2026-01-26,6976.37,TREND_UP,ABORTED,0.0,-2552.2113559542627,0.0,-2541.23535595426,0.0,-2541.23535595426,-2552.2113559542627,0.0,False,0
2026-01-27T16:00:00+00:00,SPX,2026-01-26,6984.8,TREND_UP,ABORTED,0.0,-2552.2113559542627,0.0,-2541.23535595426,0.0,-2541.23535595426,-2552.2113559542627,0.0,False,0
2026-01-27T16:30:00+00:00,SPX,2026-01-26,6986.21,TREND_UP,ABORTED,0.0,-2552.2113559542627,0.0,-2541.23535595426,0.0,-2541.23535595426,-2552.2113559542627,0.0,False,0
2026-01-27T17:00:00+00:00,SPX,2026-01-26,6984.08,TREND_UP,ABORTED,0.0,-2552.2113559542627,0.0,-2541.23535595426,0.0,-2541.23535595426,-2552.2113559542627,0.0,False,0
2026-01-27T17:30:00+00:00,SPX,2026-01-26,6981.11,TREND_UP,ABORTED,0.0,-2552.2113559542627,0.0,-2541.23535595426,0.0,-2541.23535595426,-2552.2113559542627,0.0,False,0
2026-01-27T18:00:00+00:00,SPX,2026-01-26,6974.39,TREND_UP,ABORTED,0.0,-2552.2113559542627,0.0,-2541.23535595426,0.0,-2541.23535595426,-2552.2113559542627,0.0,False,0
2026-01-27T18:30:00+00:00,SPX,2026-01-26,6983.33,TREND_UP,ABORTED,0.0,-2552.2113559542627,0.0,-2541.23535595426,0.0,-2541.23535595426,-2552.2113559542627,0.0,False,0
2026-01-27T19:00:00+00:00,SPX,2026-01-26,6982.19,RANGE,ABORTED,0.0,-2552.2113559542627,0.0,-2541.23535595426,0.0,-2541.23535595426,-2552.2113559542627,0.0,False,0
2026-01-27T19:30:00+00:00,SPX,2026-01-26,6985.22,RANGE,ABORTED,0.0,-2552.2113559542627,0.0,-2541.23535595426,0.0,-2541.23535595426,-2552.2113559542627,0.0,False,0
2026-01-27T20:00:00+00:00,SPX,2026-01-26,6985.08,RANGE,ABORTED,0.0,-2552.2113559542627,0.0,-2541.23535595426,0.0,-2541.23535595426,-2552.2113559542627,0.0,False,0
2026-01-27T20:30:00+00:00,SPX,2026-01-26,6984.46,RANGE,ABORTED,0.0,-2552.2113559542627,0.0,-2541.23535595426,0.0,-2541.23535595426,-2552.2113559542627,0.0,False,0
2026-01-27T21:00:00+00:00,SPX,2026-01-26,6978.58,TREND_UP,ABORTED,0.0,-2552.2113559542627,0.0,-2541.23535595426,0.0,-2541.23535595426,-2552.2113559542627,0.0,False,0
2026-01-28T14:30:00+00:00,SPX,2026-01-26,6997.95,TREND_UP,ABORTED,0.0,-2552.2113559542627,0.0,-2541.23535595426,0.0,-2541.23535595426,-2552.2113559542627,0.0,False,0
2026-01-28T15:00:00+00:00,SPX,2026-01-26,6994.82,TREND_UP,ABORTED,0.0,-2552.2113559542627,0.0,-2541.23535595426,0.0,-2541.23535595426,-2552.2113559542627,0.0,False,0
2026-01-28T15:30:00+00:00,SPX,2026-01-26,6985.16,TREND_UP,ABORTED,0.0,-2552.2113559542627,0.0,-2541.23535595426,0.0,-2541.23535595426,-2552.2113559542627,0.0,False,0
2026-01-28T16:00:00+00:00,SPX,2026-01-26,6984.08,TREND_UP,ABORTED,0.0,-2552.2113559542627,0.0,-2541.23535595426,0.0,-2541.23535595426,-2552.2113559542627,0.0,False,0
2026-01-28T16:30:00+00:00,SPX,2026-01-26,6976.96,RANGE,ABORTED,0.0,-2552.2113559542627,0.0,-2541.23535595426,0.0,-2541.23535595426,-2552.2113559542627,0.0,False,0
2026-01-28T17:00:00+00:00,SPX,2026-01-26,6973.87,RANGE,ABORTED,0.0,-2552.2113559542627,0.0,-2541.23535595426,0.0,-2541.23535595426,-2552.2113559542627,0.0,False,0
2026-01-28T17:30:00+00:00,SPX,2026-01-26,6968.58,RANGE,ABORTED,0.0,-2552.2113559542627,0.0,-2541.23535595426,0.0,-2541.23535595426,-2552.2113559542627,0.0,False,0
2026-01-28T18:00:00+00:00,SPX,2026-01-26,6974.04,RANGE,ABORTED,0.0,-2552.2113559542627,0.0,-2541.23535595426,0.0,-2541.23535595426,-2552.2113559542627,0.0,False,0
2026-01-28T18:30:00+00:00,SPX,2026-01-26,6974.37,RANGE,ABORTED,0.0,-2552.2113559542627,0.0,-2541.23535595426,0.0,-2541.23535595426,-2552.2113559542627,0.0,False,0
2026-01-28T19:00:00+00:00,SPX,2026-01-26,6973.34,RANGE,ABORTED,0.0,-2552.2113559542627,0.0,-2541.23535595426,0.0,-2541.23535595426,-2552.2113559542627,0.0,False,0
2026-01-28T19:30:00+00:00,SPX,2026-01-26,6974.08,RANGE,ABORTED,0.0,-2552.2113559542627,0.0,-2541.23535595426,0.0,-2541.23535595426,-2552.2113559542627,0.0,False,0
2026-01-28T20:00:00+00:00,SPX,2026-01-26,6978.27,RANGE,ABORTED,0.0,-2552.2113559542627,0.0,-2541.23535595426,0.0,-2541.23535595426,-2552.2113559542627,0.0,False,0
2026-01-28T20:30:00+00:00,SPX,2026-01-26,6974.96,RANGE,ABORTED,0.0,-2552.2113559542627,0.0,-2541.23535595426,0.0,-2541.23535595426,-2552.2113559542627,0.0,False,0
2026-01-28T21:00:00+00:00,SPX,2026-01-26,6976.28,RANGE,ABORTED,0.0,-2552.2113559542627,0.0,-2541.23535595426,0.0,-2541.23535595426,-2552.2113559542627,0.0,False,0
2026-01-29T14:30:00+00:00,SPX,2026-01-26,6983.06,RANGE,ABORTED,0.0,-2552.2113559542627,0.0,-2541.23535595426,0.0,-2541.23535595426,-2552.2113559542627,0.0,False,0
2026-01-29T15:00:00+00:00,SPX,2026-01-26,6925.36,RANGE,ABORTED,0.0,-2552.2113559542627,0.0,-2541.23535595426,0.0,-2541.23535595426,-2552.2113559542627,0.0,False,0
2026-01-29T15:30:00+00:00,SPX,2026-01-26,6903.4,RANGE,ABORTED,0.0,-2552.2113559542627,0.0,-2541.23535595426,0.0,-2541.23535595426,-2552.2113559542627,0.0,False,0
2026-01-29T16:00:00+00:00,SPX,2026-01-26,6874.68,RANGE,ABORTED,0.0,-2552.2113559542627,0.0,-2541.23535595426,0.0,-2541.23535595426,-2552.2113559542627,0.0,False,0
2026-01-29T16:30:00+00:00,SPX,2026-01-26,6905.14,RANGE,ABORTED,0.0,-2552.2113559542627,0.0,-2541.23535595426,0.0,-2541.23535595426,-2552.2113559542627,0.0,False,0
2026-01-29T17:00:00+00:00,SPX,2026-01-26,6918.24,RANGE,ABORTED,0.0,-2552.2113559542627,0.0,-2541.23535595426,0.0,-2541.23535595426,-2552.2113559542627,0.0,False,0
2026-01-29T17:30:00+00:00,SPX,2026-01-26,6934.59,RANGE,ABORTED,0.0,-2552.2113559542627,0.0,-2541.23535595426,0.0,-2541.23535595426,-2552.2113559542627,0.0,False,0
2026-01-29T18:00:00+00:00,SPX,2026-01-26,6920.97,RANGE,ABORTED,0.0,-2552.2113559542627,0.0,-2541.23535595426,0.0,-2541.23535595426,-2552.2113559542627,0.0,False,0
2026-01-29T18:30:00+00:00,SPX,2026-01-26,6929.54,RANGE,ABORTED,0.0,-2552.2113559542627,0.0,-2541.23535595426,0.0,-2541.23535595426,-2552.2113559542627,0.0,False,0
2026-01-29T19:00:00+00:00,SPX,2026-01-26,6933.18,RANGE,ABORTED,0.0,-2552.2113559542627,0.0,-2541.23535595426,0.0,-2541.23535595426,-2552.2113559542627,0.0,False,0
2026-01-29T19:30:00+00:00,SPX,2026-01-26,6936.75,RANGE,ABORTED,0.0,-2552.2113559542627,0.0,-2541.23535595426,0.0,-2541.23535595426,-2552.2113559542627,0.0,False,0
2026-01-29T20:00:00+00:00,SPX,2026-01-26,6937.51,RANGE,ABORTED,0.0,-2552.2113559542627,0.0,-2541.23535595426,0.0,-2541.23535595426,-2552.2113559542627,0.0,False,0
2026-01-29T20:30:00+00:00,SPX,2026-01-26,6941.65,RANGE,ABORTED,0.0,-2552.2113559542627,0.0,-2541.23535595426,0.0,-2541.23535595426,-2552.2113559542627,0.0,False,0
2026-01-29T21:00:00+00:00,SPX,2026-01-26,6966.27,RANGE,ABORTED,0.0,-2552.2113559542627,0.0,-2541.23535595426,0.0,-2541.23535595426,-2552.2113559542627,0.0,False,0
2026-01-30T14:30:00+00:00,SPX,2026-01-26,6954.65,RANGE,ABORTED,0.0,-2552.2113559542627,0.0,-2541.23535595426,0.0,-2541.23535595426,-2552.2113559542627,0.0,False,0
2026-01-30T15:00:00+00:00,SPX,2026-01-26,6940.2,RANGE,ABORTED,0.0,-2552.2113559542627,0.0,-2541.23535595426,0.0,-2541.23535595426,-2552.2113559542627,0.0,False,0
2026-01-30T15:30:00+00:00,SPX,2026-01-26,6939.4,RANGE,ABORTED,0.0,-2552.2113559542627,0.0,-2541.23535595426,0.0,-2541.23535595426,-2552.2113559542627,0.0,False,0
2026-01-30T16:00:00+00:00,SPX,2026-01-26,6942.31,RANGE,ABORTED,0.0,-2552.2113559542627,0.0,-2541.23535595426,0.0,-2541.23535595426,-2552.2113559542627,0.0,False,0
2026-01-30T16:30:00+00:00,SPX,2026-01-26,6932.43,RANGE,ABORTED,0.0,-2552.2113559542627,0.0,-2541.23535595426,0.0,-2541.23535595426,-2552.2113559542627,0.0,False,0
2026-01-30T17:00:00+00:00,SPX,2026-01-26,6919.01,RANGE,ABORTED,0.0,-2552.2113559542627,0.0,-2541.23535595426,0.0,-2541.23535595426,-2552.2113559542627,0.0,False,0
2026-01-30T17:30:00+00:00,SPX,2026-01-26,6925.71,RANGE,ABORTED,0.0,-2552.2113559542627,0.0,-2541.23535595426,0.0,-2541.23535595426,-2552.2113559542627,0.0,False,0
2026-01-30T18:00:00+00:00,SPX,2026-01-26,6918.77,RANGE,ABORTED,0.0,-2552.2113559542627,0.0,-2541.23535595426,0.0,-2541.23535595426,-2552.2113559542627,0.0,False,0
2026-01-30T18:30:00+00:00,SPX,2026-01-26,6901.68,RANGE,ABORTED,0.0,-2552.2113559542627,0.0,-2541.23535595426,0.0,-2541.23535595426,-2552.2113559542627,0.0,False,0
2026-01-30T19:00:00+00:00,SPX,2026-01-26,6941.85,RANGE,ABORTED,0.0,-2552.2113559542627,0.0,-2541.23535595426,0.0,-2541.23535595426,-2552.2113559542627,0.0,False,0
2026-01-30T19:30:00+00:00,SPX,2026-01-26,6940.72,RANGE,ABORTED,0.0,-2552.2113559542627,0.0,-2541.23535595426,0.0,-2541.23535595426,-2552.2113559542627,0.0,False,0
2026-01-30T20:00:00+00:00,SPX,2026-01-26,6930.01,RANGE,ABORTED,0.0,-2552.2113559542627,0.0,-2541.23535595426,0.0,-2541.23535595426,-2552.2113559542627,0.0,False,0
2026-01-30T20:30:00+00:00,SPX,2026-01-26,6927.7,RANGE,ABORTED,0.0,-2552.2113559542627,0.0,-2541.23535595426,0.0,-2541.23535595426,-2552.2113559542627,0.0,False,0
2026-01-30T21:00:00+00:00,SPX,2026-01-26,6937.5,RANGE,ABORTED,0.0,-2552.2113559542627,0.0,-2541.23535595426,0.0,-2541.23535595426,-2552.2113559542627,0.0,False,0
2026-02-02T14:30:00+00:00,SPX,2026-02-02,6933.0,RANGE,IDLE,0.0,-2552.2113559542627,0.0,-2541.23535595426,0.0,-2541.23535595426,-2552.2113559542627,0.0,False,0
2026-02-02T15:00:00+00:00,SPX,2026-02-02,6959.46,RANGE,ACTIVE,-82.66800000000012,-2552.2113559542627,-82.668,-2541.23535595426,-82.5,-2623.73535595426,-2634.879355954263,82.668,False,3
2026-02-02T15:30:00+00:00,SPX,2026-02-02,6974.08,RANGE,ADJUSTED,15.674445795555584,-2552.2113559542627,-66.99355420444445,-2541.23535595426,-66.76955420444445,-2608.004910158704,-2619.204910158707,110.224,True,4
2026-02-02T16:00:00+00:00,SPX,2026-02-02,6965.08,RANGE,ADJUSTED,-0.5250735708641514,-2552.2113559542627,-67.51862777530864,-2541.23535595426,-67.29462777530864,-2608.5299837295684,-2619.7299837295714,110.224,True,4
2026-02-02T16:30:00+00:00,SPX,2026-02-02,6977.21,RANGE,ADJUSTED,0.6512851454322117,-2552.2113559542627,-66.86734262987655,-2541.23535595426,-66.64334262987654,-2607.878698584136,-2619.078698584139,110.224,True,4
2026-02-02T17:00:00+00:00,SPX,2026-02-02,6985.82,RANGE,ADJUSTED,-0.5065950538273682,-2552.2113559542627,-67.37393768370369,-2541.23535595426,-67.14993768370368,-2608.3852936379635,-2619.5852936379665,110.224,True,4
2026-02-02T17:30:00+00:00,SPX,2026-02-02,6987.21,RANGE,ADJUSTED,0.0041095755555033975,-2552.2113559542627,-67.36982810814816,-2541.23535595426,-67.14582810814815,-2608.381184062408,-2619.581184062411,110.224,True,4
2026-02-02T18:00:00+00:00,SPX,2026-02-02,6989.22,RANGE,ADJUSTED,-0.04211586296287351,-2552.2113559542627,-67.41194397111113,-2541.23535595426,-67.18794397111112,-2608.423299925371,-2619.623299925374,110.224,True,4
2026-02-02T18:30:00+00:00,SPX,2026-02-02,6983.61,RANGE,ADJUSTED,0.5111612488890387,-2552.2113559542627,-66.9007827222222,-2541.23535595426,-66.6767827222222,-2607.912138676482,-2619.112138676485,110.224,True,4
2026-02-02T19:00:00+00:00,SPX,2026-02-02,6989.64,RANGE,ADJUSTED,-0.3371892170371211,-2552.2113559542627,-67.2379719392593,-2541.23535595426,-67.01397193925928,-2608.249327893519,-2619.449327893522,110.224,True,4
2026-02-02T19:30:00+00:00,SPX,2026-02-02,6987.5,RANGE,ADJUSTED,0.26019539604931197,-2552.2113559542627,-66.97777654320988,-2541.23535595426,-66.75377654320988,-2607.9891324974697,-2619.1891324974727,110.224,True,4
2026-02-02T20:00:00+00:00,SPX,2026-02-02,6983.02,RANGE,ADJUSTED,0.4361882120988412,-2552.2113559542627,-66.54158833111114,-2541.23535595426,-66.31758833111114,-2607.552944285371,-2618.752944285374,110.224,True,4
2026-02-02T20:30:00+00:00,SPX,2026-02-02,6978.94,RANGE,ADJUSTED,0.41061751975303196,-2552.2113559542627,-66.130970811358,-2541.23535595426,-65.906970811358,-2607.142326765618,-2618.342326765621,110.224,True,4
2026-02-02T21:00:00+00:00,SPX,2026-02-02,6976.23,RANGE,ADJUSTED,0.3114290761727716,-2552.2113559542627,-65.81954173518515,-2541.23535595426,-65.59554173518515,-2606.830897689445,-2618.030897689448,110.224,True,4
2026-02-03T14:30:00+00:00,SPX,2026-02-02,6983.8,RANGE,ADJUSTED,3.1058141549383436,-2552.2113559542627,-62.71372758024694,-2541.23535595426,-62.48972758024693,-2603.7250835345067,-2614.9250835345097,110.224,True,4
2026-02-03T15:00:00+00:00,SPX,2026-02-02,6951.23,RANGE,ADJUSTED,-1.2839120406174516,-2552.2113559542627,-63.99763962086425,-2541.23535595426,-63.77363962086424,-2605.008995575124,-2616.208995575127,110.224,True,4
2026-02-03T15:30:00+00:00,SPX,2026-02-02,6938.79,RANGE,ADJUSTED,-1.0624904413575678,-2552.2113559542627,-65.06013006222223,-2541.23535595426,-64.83613006222222,-2606.071486016482,-2617.2714860164847,110.224,True,4
2026-02-03T16:00:00+00:00,SPX,2026-02-02,6945.05,RANGE,ADJUSTED,0.6785997356787448,-2552.2113559542627,-64.3815303265432,-2541.23535595426,-64.1575303265432,-2605.392886280803,-2616.592886280806,110.224,True,4
2026-02-03T16:30:00+00:00,SPX,2026-02-02,6933.21,RANGE,ADJUSTED,-1.021035219382611,-2552.2113559542627,-65.40256554592592,-2541.23535595426,-65.17856554592592,-2606.4139215001856,-2617.6139215001886,110.224,True,4
2026-02-03T17:00:00+00:00,SPX,2026-02-02,6926.83,RANGE,ADJUSTED,-0.5153436892592254,-2552.2113559542627,-65.91790923518519,-2541.23535595426,-65.69390923518519,-2606.9292651894452,-2618.129265189448,110.224,True,4
2026-02-03T17:30:00+00:00,SPX,2026-02-02,6903.57,RANGE,ADJUSTED,-2.1286872729629067,-2552.2113559542627,-68.04659650814818,-2541.23535595426,-67.82259650814817,-2609.057952462408,-2620.2579524624107,110.224,True,4
2026-02-03T18:00:00+00:00,SPX,2026-02-02,6896.47,RANGE,ADJUSTED,-0.6048411124693303,-2552.2113559542627,-68.65143762061726,-2541.23535595426,-68.42743762061725,-2609.662793574877,-2620.86279357488,110.224,True,4
2026-02-03T18:30:00+00:00,SPX,2026-02-02,6881.95,RANGE,ADJUSTED,-1.3254061238271788,-2552.2113559542627,-69.97684374444447,-2541.23535595426,-69.75284374444446,-2610.988199698704,-2622.188199698707,110.224,True,4
2026-02-03T19:00:00+00:00,SPX,2026-02-02,6866.79,RANGE,ADJUSTED,-1.4013798374071484,-2552.2113559542627,-71.37822358185186,-2541.23535595426,-71.15422358185185,-2612.389579536112,-2623.5895795361143,110.224,True,4
2026-02-03T19:30:00+00:00,SPX,2026-02-02,6881.18,RANGE,ADJUSTED,1.4547654583948315,-2552.2113559542627,-69.92345812345677,-2541.23535595426,-69.69945812345676,-2610.9348140777165,-2622.1348140777195,110.224,True,4
2026-02-03T20:00:00+00:00,SPX,2026-02-02,6885.72,RANGE,ADJUSTED,0.5070030967904131,-2552.2113559542627,-69.41645502666665,-2541.23535595426,-69.19245502666664,-2610.4278109809266,-2621.627810980929,110.224,True,4
2026-02-03T20:30:00+00:00,SPX,2026-02-02,6910.08,RANGE,ADJUSTED,2.456243761481346,-2552.2113559542627,-66.9602112651852,-2541.23535595426,-66.73621126518519,-2607.971567219445,-2619.1715672194478,110.224,True,4
2026-02-03T21:00:00+00:00,SPX,2026-02-02,6917.4,RANGE,ADJUSTED,0.799589331851621,-2552.2113559542627,-66.16062193333337,-2541.23535595426,-65.93662193333337,-2607.171977887593,-2618.371977887596,110.224,True,4
2026-02-04T14:30:00+00:00,SPX,2026-02-02,6917.08,RANGE,ADJUSTED,2.809103771357968,-2552.2113559542627,-63.35151816197532,-2541.23535595426,-63.12751816197532,-2604.362874116235,-2615.562874116238,110.224,True,4
2026-02-04T15:00:00+00:00,SPX,2026-02-02,6893.98,RANGE,ADJUSTED,-2.6007006856789303,-2552.2113559542627,-65.95221884765438,-2541.23535595426,-65.72821884765438,-2606.963574801914,-2618.163574801917,110.224,True,4
2026-02-04T15:30:00+00:00,SPX,2026-02-02,6905.17,RANGE,ADJUSTED,1.374512151357976,-2552.2113559542627,-64.57770669629629,-2541.23535595426,-64.35370669629629,-2605.589062650556,-2616.789062650559,110.224,True,4
2026-02-04T16:00:00+00:00,SPX,2026-02-02,6891.79,RANGE,ADJUSTED,-1.4910132749382683,-2552.2113559542627,-66.06871997123457,-2541.23535595426,-65.84471997123457,-2607.0800759254944,-2618.2800759254974,110.224,True,4
2026-02-04T16:30:00+00:00,SPX,2026-02-02,6893.29,RANGE,ADJUSTED,0.24520953246928912,-2552.2113559542627,-65.82351043876544,-2541.23535595426,-65.59951043876544,-2606.834866393025,-2618.034866393028,110.224,True,4
2026-02-04T17:00:00+00:00,SPX,2026-02-02,6889.62,RANGE,ADJUSTED,-0.3636051412345296,-2552.2113559542627,-66.18711558000001,-2541.23535595426,-65.96311558000001,-2607.1984715342596,-2618.3984715342626,110.224,True,4
2026-02-04T17:30:00+00:00,SPX,2026-02-02,6857.95,RANGE,ADJUSTED,-3.6859200916051122,-2552.2113559542627,-69.87303567160497,-2541.23535595426,-69.64903567160496,-2610.8843916258647,-2622.0843916258677,110.224,True,4
2026-02-04T18:00:00+00:00,SPX,2026-02-02,6853.74,RANGE,ADJUSTED,-0.44860437654324414,-2552.2113559542627,-70.32164004814818,-2541.23535595426,-70.09764004814818,-2611.332996002408,-2622.532996002411,110.224,True,4
2026-02-04T18:30:00+00:00,SPX,2026-02-02,6856.54,RANGE,ADJUSTED,0.38498853555574897,-2552.2113559542627,-69.9366515125926,-2541.23535595426,-69.7126515125926,-2610.9480074668522,-2622.1480074668552,110.224,True,4
2026-02-04T19:00:00+00:00,SPX,2026-02-02,6863.27,RANGE,ADJUSTED,0.8592461845678372,-2552.2113559542627,-69.07740532802464,-2541.23535595426,-68.85340532802464,-2610.0887612822844,-2621.2887612822874,110.224,True,4
2026-02-04T19:30:00+00:00,SPX,2026-02-02,6884.84,RANGE,ADJUSTED,2.653556822345763,-2552.2113559542627,-66.423848505679,-2541.23535595426,-66.199848505679,-2607.4352044599386,-2618.6352044599416,110.224,True,4
2026-02-04T20:00:00+00:00,SPX,2026-02-02,6899.88,RANGE,ADJUSTED,1.884672723456788,-2552.2113559542627,-64.53917578222222,-2541.23535595426,-64.31517578222221,-2605.550531736482,-2616.750531736485,110.224,True,4
2026-02-04T20:30:00+00:00,SPX,2026-02-02,6900.81,RANGE,ADJUSTED,0.18574698592601635,-2552.2113559542627,-64.35342879629626,-2541.23535595426,-64.12942879629625,-2605.3647847505563,-2616.564784750559,110.224,True,4
2026-02-04T21:00:00+00:00,SPX,2026-02-02,6882.76,RANGE,ADJUSTED,-2.1275262935805586,-2552.2113559542627,-66.48095508987652,-2541.23535595426,-66.25695508987651,-2607.4923110441364,-2618.6923110441394,110.224,True,4
2026-02-05T14:30:00+00:00,SPX,2026-02-02,6826.38,RANGE,ADJUSTED,-42.602888486512256,-2552.2113559542627,-109.08384357638889,-2541.23535595426,-108.85984357638888,-2650.0951995306486,-2661.2951995306516,110.224,True,4
2026-02-05T15:00:00+00:00,SPX,2026-02-02,6814.75,RANGE,ADJUSTED,-0.5033584635416446,-2552.2113559542627,-109.58720203993056,-2541.23535595426,-109.36320203993056,-2650.5985579941903,-2661.7985579941933,110.224,True,4
2026-02-05T15:30:00+00:00,SPX,2026-02-02,6781.67,TREND_DOWN,ABORTED,-0.6367979600695435,-2662.435355954263,0.0,-2651.23535595426,0.0,-2651.23535595426,-2662.435355954263,0.0,False,0
2026-02-05T16:00:00+00:00,SPX,2026-02-02,6787.17,TREND_DOWN,ABORTED,0.0,-2662.435355954263,0.0,-2651.23535595426,0.0,-2651.23535595426,-2662.435355954263,0.0,False,0
2026-02-05T16:30:00+00:00,SPX,2026-02-02,6825.92,RANGE,ABORTED,0.0,-2662.435355954263,0.0,-2651.23535595426,0.0,-2651.23535595426,-2662.435355954263,0.0,False,0
2026-02-05T17:00:00+00:00,SPX,2026-02-02,6820.97,RANGE,ABORTED,0.0,-2662.435355954263,0.0,-2651.23535595426,0.0,-2651.23535595426,-2662.435355954263,0.0,False,0
2026-02-05T17:30:00+00:00,SPX,2026-02-02,6830.38,RANGE,ABORTED,0.0,-2662.435355954263,0.0,-2651.23535595426,0.0,-2651.23535595426,-2662.435355954263,0.0,False,0
2026-02-05T18:00:00+00:00,SPX,2026-02-02,6828.79,RANGE,ABORTED,0.0,-2662.435355954263,0.0,-2651.23535595426,0.0,-2651.23535595426,-2662.435355954263,0.0,False,0
2026-02-05T18:30:00+00:00,SPX,2026-02-02,6815.37,TREND_DOWN,ABORTED,0.0,-2662.435355954263,0.0,-2651.23535595426,0.0,-2651.23535595426,-2662.435355954263,0.0,False,0
2026-02-05T19:00:00+00:00,SPX,2026-02-02,6811.7,RANGE,ABORTED,0.0,-2662.435355954263,0.0,-2651.23535595426,0.0,-2651.23535595426,-2662.435355954263,0.0,False,0
2026-02-05T19:30:00+00:00,SPX,2026-02-02,6815.38,RANGE,ABORTED,0.0,-2662.435355954263,0.0,-2651.23535595426,0.0,-2651.23535595426,-2662.435355954263,0.0,False,0
2026-02-05T20:00:00+00:00,SPX,2026-02-02,6816.35,RANGE,ABORTED,0.0,-2662.435355954263,0.0,-2651.23535595426,0.0,-2651.23535595426,-2662.435355954263,0.0,False,0
2026-02-05T20:30:00+00:00,SPX,2026-02-02,6794.41,RANGE,ABORTED,0.0,-2662.435355954263,0.0,-2651.23535595426,0.0,-2651.23535595426,-2662.435355954263,0.0,False,0
2026-02-05T21:00:00+00:00,SPX,2026-02-02,6799.99,RANGE,ABORTED,0.0,-2662.435355954263,0.0,-2651.23535595426,0.0,-2651.23535595426,-2662.435355954263,0.0,False,0
2026-02-06T14:30:00+00:00,SPX,2026-02-02,6860.93,RANGE,ABORTED,0.0,-2662.435355954263,0.0,-2651.23535595426,0.0,-2651.23535595426,-2662.435355954263,0.0,False,0
2026-02-06T15:00:00+00:00,SPX,2026-02-02,6861.29,RANGE,ABORTED,0.0,-2662.435355954263,0.0,-2651.23535595426,0.0,-2651.23535595426,-2662.435355954263,0.0,False,0
2026-02-06T15:30:00+00:00,SPX,2026-02-02,6883.75,RANGE,ABORTED,0.0,-2662.435355954263,0.0,-2651.23535595426,0.0,-2651.23535595426,-2662.435355954263,0.0,False,0
2026-02-06T16:00:00+00:00,SPX,2026-02-02,6889.89,RANGE,ABORTED,0.0,-2662.435355954263,0.0,-2651.23535595426,0.0,-2651.23535595426,-2662.435355954263,0.0,False,0
2026-02-06T16:30:00+00:00,SPX,2026-02-02,6898.31,RANGE,ABORTED,0.0,-2662.435355954263,0.0,-2651.23535595426,0.0,-2651.23535595426,-2662.435355954263,0.0,False,0
2026-02-06T17:00:00+00:00,SPX,2026-02-02,6899.52,RANGE,ABORTED,0.0,-2662.435355954263,0.0,-2651.23535595426,0.0,-2651.23535595426,-2662.435355954263,0.0,False,0
2026-02-06T17:30:00+00:00,SPX,2026-02-02,6909.53,RANGE,ABORTED,0.0,-2662.435355954263,0.0,-2651.23535595426,0.0,-2651.23535595426,-2662.435355954263,0.0,False,0
2026-02-06T18:00:00+00:00,SPX,2026-02-02,6917.19,RANGE,ABORTED,0.0,-2662.435355954263,0.0,-2651.23535595426,0.0,-2651.23535595426,-2662.435355954263,0.0,False,0
2026-02-06T18:30:00+00:00,SPX,2026-02-02,6911.49,RANGE,ABORTED,0.0,-2662.435355954263,0.0,-2651.23535595426,0.0,-2651.23535595426,-2662.435355954263,0.0,False,0
2026-02-06T19:00:00+00:00,SPX,2026-02-02,6915.08,RANGE,ABORTED,0.0,-2662.435355954263,0.0,-2651.23535595426,0.0,-2651.23535595426,-2662.435355954263,0.0,False,0
2026-02-06T19:30:00+00:00,SPX,2026-02-02,6914.13,RANGE,ABORTED,0.0,-2662.435355954263,0.0,-2651.23535595426,0.0,-2651.23535595426,-2662.435355954263,0.0,False,0
2026-02-06T20:00:00+00:00,SPX,2026-02-02,6917.57,RANGE,ABORTED,0.0,-2662.435355954263,0.0,-2651.23535595426,0.0,-2651.23535595426,-2662.435355954263,0.0,False,0
2026-02-06T20:30:00+00:00,SPX,2026-02-02,6921.33,RANGE,ABORTED,0.0,-2662.435355954263,0.0,-2651.23535595426,0.0,-2651.23535595426,-2662.435355954263,0.0,False,0
2026-02-06T21:00:00+00:00,SPX,2026-02-02,6930.27,RANGE,ABORTED,0.0,-2662.435355954263,0.0,-2651.23535595426,0.0,-2651.23535595426,-2662.435355954263,0.0,False,0
2026-02-09T14:30:00+00:00,SPX,2026-02-09,6921.11,RANGE,IDLE,0.0,-2662.435355954263,0.0,-2651.23535595426,0.0,-2651.23535595426,-2662.435355954263,0.0,False,0
2026-02-09T15:00:00+00:00,SPX,2026-02-09,6934.32,RANGE,ACTIVE,-82.66800000000012,-2662.435355954263,-82.668,-2651.23535595426,-82.5,-2733.73535595426,-2745.103355954263,82.668,False,3
2026-02-09T15:30:00+00:00,SPX,2026-02-09,6954.5,RANGE,ADJUSTED,15.703824888888903,-2662.435355954263,-66.96417511111112,-2651.23535595426,-66.74017511111111,-2717.975531065371,-2729.399531065374,110.224,True,4
2026-02-09T16:00:00+00:00,SPX,2026-02-09,6967.79,RANGE,ADJUSTED,-0.7566039487651324,-2662.435355954263,-67.72077905987655,-2651.23535595426,-67.49677905987653,-2718.7321350141365,-2730.156135014139,110.224,True,4
2026-02-09T16:30:00+00:00,SPX,2026-02-09,6967.73,RANGE,ADJUSTED,0.1073395875305323,-2662.435355954263,-67.61343947234565,-2651.23535595426,-67.38943947234564,-2718.6247954266055,-2730.0487954266086,110.224,True,4
2026-02-09T17:00:00+00:00,SPX,2026-02-09,6976.52,RANGE,ADJUSTED,-0.5245586595060558,-2662.435355954263,-68.13799813185189,-2651.23535595426,-67.91399813185188,-2719.1493540861115,-2730.5733540861147,110.224,True,4
2026-02-09T17:30:00+00:00,SPX,2026-02-09,6973.33,RANGE,ADJUSTED,0.32818312592598886,-2662.435355954263,-67.80981500592593,-2651.23535595426,-67.58581500592592,-2718.8211709601856,-2730.2451709601887,110.224,True,4
2026-02-09T18:00:00+00:00,SPX,2026-02-09,6969.36,RANGE,ADJUSTED,0.3877379679011028,-2662.435355954263,-67.42207703802467,-2651.23535595426,-67.19807703802466,-2718.4334329922845,-2729.8574329922876,110.224,True,4
2026-02-09T18:30:00+00:00,SPX,2026-02-09,6968.03,RANGE,ADJUSTED,0.19923183432092628,-2662.435355954263,-67.22284520370368,-2651.23535595426,-66.99884520370368,-2718.2342011579635,-2729.6582011579667,110.224,True,4
2026-02-09T19:00:00+00:00,SPX,2026-02-09,6972.27,RANGE,ADJUSTED,-0.2080387616047119,-2662.435355954263,-67.43088396530868,-2651.23535595426,-67.20688396530866,-2718.4422399195687,-2729.8662399195714,110.224,True,4
2026-02-09T19:30:00+00:00,SPX,2026-02-09,6978.44,RANGE,ADJUSTED,-0.354662199629729,-2662.435355954263,-67.78554616493825,-2651.23535595426,-67.56154616493825,-2718.796902119198,-2730.220902119201,110.224,True,4
2026-02-09T20:00:00+00:00,SPX,2026-02-09,6976.66,RANGE,ADJUSTED,0.2302042382716536,-2662.435355954263,-67.55534192666666,-2651.23535595426,-67.33134192666665,-2718.5666978809263,-2729.9906978809295,110.224,True,4
2026-02-09T20:30:00+00:00,SPX,2026-02-09,6963.35,RANGE,ADJUSTED,1.094468379752925,-2662.435355954263,-66.4608735469136,-2651.23535595426,-66.2368735469136,-2717.4722295011734,-2728.8962295011765,110.224,True,4
2026-02-09T21:00:00+00:00,SPX,2026-02-09,6963.17,RANGE,ADJUSTED,0.11879393641993374,-2662.435355954263,-66.34207961049384,-2651.23535595426,-66.11807961049382,-2717.3534355647535,-2728.7774355647566,110.224,True,4
2026-02-10T14:30:00+00:00,SPX,2026-02-09,6972.62,RANGE,ADJUSTED,2.8143063191359943,-2662.435355954263,-63.52777329135802,-2651.23535595426,-63.30377329135801,-2714.539129245618,-2725.9631292456206,110.224,True,4
2026-02-10T15:00:00+00:00,SPX,2026-02-09,6979.08,RANGE,ADJUSTED,-0.4986285007407787,-2662.435355954263,-64.02640179209877,-2651.23535595426,-63.802401792098756,-2715.0377577463587,-2726.4617577463614,110.224,True,4
2026-02-10T15:30:00+00:00,SPX,2026-02-09,6980.83,RANGE,ADJUSTED,-0.0656171945679489,-2662.435355954263,-64.09201898666666,-2651.23535595426,-63.868018986666655,-2715.1033749409266,-2726.5273749409293,110.224,True,4
2026-02-10T16:00:00+00:00,SPX,2026-02-09,6975.18,RANGE,ADJUSTED,0.626452816542951,-2662.435355954263,-63.465566170123495,-2651.23535595426,-63.241566170123484,-2714.4769221243832,-2725.9009221243864,110.224,True,4
2026-02-10T16:30:00+00:00,SPX,2026-02-09,6966.46,RANGE,ADJUSTED,0.9212541419756235,-2662.435355954263,-62.544312028148155,-2651.23535595426,-62.32031202814815,-2713.555667982408,-2724.979667982411,110.224,True,4
2026-02-10T17:00:00+00:00,SPX,2026-02-09,6965.36,RANGE,ADJUSTED,0.20792703555525804,-2662.435355954263,-62.33638499259257,-2651.23535595426,-62.11238499259256,-2713.3477409468524,-2724.7717409468555,110.224,True,4
2026-02-10T17:30:00+00:00,SPX,2026-02-09,6972.74,RANGE,ADJUSTED,-0.59838528987666,-2662.435355954263,-62.93477028246912,-2651.23535595426,-62.71077028246911,-2713.946126236729,-2725.370126236732,110.224,True,4
2026-02-10T18:00:00+00:00,SPX,2026-02-09,6973.22,RANGE,ADJUSTED,0.054745764197832614,-2662.435355954263,-62.88002451827164,-2651.23535595426,-62.65602451827163,-2713.8913804725316,-2725.3153804725343,110.224,True,4
2026-02-10T18:30:00+00:00,SPX,2026-02-09,6953.21,RANGE,ADJUSTED,1.680709533827212,-2662.435355954263,-61.19931498444444,-2651.23535595426,-60.97531498444444,-2712.2106709387044,-2723.634670938707,110.224,True,4
2026-02-10T19:00:00+00:00,SPX,2026-02-09,6955.8,RANGE,ADJUSTED,0.20412834987655515,-2662.435355954263,-60.995186634567915,-2651.23535595426,-60.77118663456791,-2712.006542588828,-2723.4305425888306,110.224,True,4
2026-02-10T19:30:00+00:00,SPX,2026-02-09,6958.45,RANGE,ADJUSTED,-0.14854706913592963,-2662.435355954263,-61.14373370370369,-2651.23535595426,-60.919733703703685,-2712.1550896579633,-2723.5790896579665,110.224,True,4
2026-02-10T20:00:00+00:00,SPX,2026-02-09,6955.56,RANGE,ADJUSTED,0.3897976133330303,-2662.435355954263,-60.753936090370416,-2651.23535595426,-60.529936090370406,-2711.7652920446303,-2723.1892920446335,110.224,True,4
2026-02-10T20:30:00+00:00,SPX,2026-02-09,6951.94,RANGE,ADJUSTED,-0.1362863496292448,-2662.435355954263,-60.890222440000045,-2651.23535595426,-60.66622244000004,-2711.90157839426,-2723.3255783942627,110.224,True,4
2026-02-10T21:00:00+00:00,SPX,2026-02-09,6940.01,RANGE,ADJUSTED,-1.068611085802786,-2662.435355954263,-61.95883352580245,-2651.23535595426,-61.73483352580244,-2712.9701894800623,-2724.3941894800655,110.224,True,4
2026-02-11T14:30:00+00:00,SPX,2026-02-09,6982.75,RANGE,ADJUSTED,2.0953346183951,-2662.435355954263,-59.863498907407404,-2651.23535595426,-59.6394989074074,-2710.8748548616672,-2722.2988548616704,110.224,True,4
2026-02-11T15:00:00+00:00,SPX,2026-02-09,6957.1,RANGE,ADJUSTED,3.0737293481483903,-2662.435355954263,-56.7897695592593,-2651.23535595426,-56.565769559259294,-2707.8011255135193,-2719.225125513522,110.224,True,4
2026-02-11T15:30:00+00:00,SPX,2026-02-09,6927.24,RANGE,ADJUSTED,-2.8832607222225306,-2662.435355954263,-59.6730302814815,-2651.23535595426,-59.4490302814815,-2710.6843862357414,-2722.1083862357445,110.224,True,4
2026-02-11T16:00:00+00:00,SPX,2026-02-09,6938.66,RANGE,ADJUSTED,1.4327457113581659,-2662.435355954263,-58.24028457012348,-2651.23535595426,-58.01628457012347,-2709.251640524383,-2720.6756405243864,110.224,True,4
2026-02-11T16:30:00+00:00,SPX,2026-02-09,6944.15,RANGE,ADJUSTED,0.7467380528396461,-2662.435355954263,-57.493546517284,-2651.23535595426,-57.26954651728399,-2708.504902471544,-2719.9289024715467,110.224,True,4
2026-02-11T17:00:00+00:00,SPX,2026-02-09,6936.31,RANGE,ADJUSTED,-0.8214147727162526,-2662.435355954263,-58.31496128999996,-2651.23535595426,-58.09096128999995,-2709.32631724426,-2720.750317244263,110.224,True,4
2026-02-11T17:30:00+00:00,SPX,2026-02-09,6952.96,RANGE,ADJUSTED,2.0736889107411116,-2662.435355954263,-56.24127237925926,-2651.23535595426,-56.01727237925925,-2707.252628333519,-2718.676628333522,110.224,True,4
2026-02-11T18:00:00+00:00,SPX,2026-02-09,6947.14,RANGE,ADJUSTED,-0.5843466688888839,-2662.435355954263,-56.82561904814811,-2651.23535595426,-56.60161904814811,-2707.836975002408,-2719.2609750024108,110.224,True,4
2026-02-11T18:30:00+00:00,SPX,2026-02-09,6943.96,RANGE,ADJUSTED,-0.27452547629673063,-2662.435355954263,-57.100144524444445,-2651.23535595426,-56.87614452444444,-2708.1115004787043,-2719.5355004787075,110.224,True,4
2026-02-11T19:00:00+00:00,SPX,2026-02-09,6948.61,RANGE,ADJUSTED,0.6618602588891918,-2662.435355954263,-56.438284265555595,-2651.23535595426,-56.21428426555559,-2707.4496402198156,-2718.8736402198183,110.224,True,4
2026-02-11T19:30:00+00:00,SPX,2026-02-09,6957.19,TREND_UP,ABORTED,0.5561664551851209,-2718.317473764633,0.0,-2706.83747376463,0.0,-2706.83747376463,-2718.317473764633,0.0,False,0
2026-02-11T20:00:00+00:00,SPX,2026-02-09,6951.17,TREND_UP,ABORTED,0.0,-2718.317473764633,0.0,-2706.83747376463,0.0,-2706.83747376463,-2718.317473764633,0.0,False,0
2026-02-11T20:30:00+00:00,SPX,2026-02-09,6940.6,RANGE,ABORTED,0.0,-2718.317473764633,0.0,-2706.83747376463,0.0,-2706.83747376463,-2718.317473764633,0.0,False,0
2026-02-11T21:00:00+00:00,SPX,2026-02-09,6939.68,RANGE,ABORTED,0.0,-2718.317473764633,0.0,-2706.83747376463,0.0,-2706.83747376463,-2718.317473764633,0.0,False,0
2026-02-12T14:30:00+00:00,SPX,2026-02-09,6969.43,TREND_UP,ABORTED,0.0,-2718.317473764633,0.0,-2706.83747376463,0.0,-2706.83747376463,-2718.317473764633,0.0,False,0
2026-02-12T15:00:00+00:00,SPX,2026-02-09,6946.31,RANGE,ABORTED,0.0,-2718.317473764633,0.0,-2706.83747376463,0.0,-2706.83747376463,-2718.317473764633,0.0,False,0
2026-02-12T15:30:00+00:00,SPX,2026-02-09,6939.09,RANGE,ABORTED,0.0,-2718.317473764633,0.0,-2706.83747376463,0.0,-2706.83747376463,-2718.317473764633,0.0,False,0
2026-02-12T16:00:00+00:00,SPX,2026-02-09,6900.61,RANGE,ABORTED,0.0,-2718.317473764633,0.0,-2706.83747376463,0.0,-2706.83747376463,-2718.317473764633,0.0,False,0
2026-02-12T16:30:00+00:00,SPX,2026-02-09,6863.31,RANGE,ABORTED,0.0,-2718.317473764633,0.0,-2706.83747376463,0.0,-2706.83747376463,-2718.317473764633,0.0,False,0
2026-02-12T17:00:00+00:00,SPX,2026-02-09,6863.11,RANGE,ABORTED,0.0,-2718.317473764633,0.0,-2706.83747376463,0.0,-2706.83747376463,-2718.317473764633,0.0,False,0
2026-02-12T17:30:00+00:00,SPX,2026-02-09,6867.41,RANGE,ABORTED,0.0,-2718.317473764633,0.0,-2706.83747376463,0.0,-2706.83747376463,-2718.317473764633,0.0,False,0
2026-02-12T18:00:00+00:00,SPX,2026-02-09,6850.02,RANGE,ABORTED,0.0,-2718.317473764633,0.0,-2706.83747376463,0.0,-2706.83747376463,-2718.317473764633,0.0,False,0
2026-02-12T18:30:00+00:00,SPX,2026-02-09,6853.31,RANGE,ABORTED,0.0,-2718.317473764633,0.0,-2706.83747376463,0.0,-2706.83747376463,-2718.317473764633,0.0,False,0
2026-02-12T19:00:00+00:00,SPX,2026-02-09,6864.06,RANGE,ABORTED,0.0,-2718.317473764633,0.0,-2706.83747376463,0.0,-2706.83747376463,-2718.317473764633,0.0,False,0
2026-02-12T19:30:00+00:00,SPX,2026-02-09,6867.69,RANGE,ABORTED,0.0,-2718.317473764633,0.0,-2706.83747376463,0.0,-2706.83747376463,-2718.317473764633,0.0,False,0
2026-02-12T20:00:00+00:00,SPX,2026-02-09,6873.69,RANGE,ABORTED,0.0,-2718.317473764633,0.0,-2706.83747376463,0.0,-2706.83747376463,-2718.317473764633,0.0,False,0
2026-02-12T20:30:00+00:00,SPX,2026-02-09,6848.89,RANGE,ABORTED,0.0,-2718.317473764633,0.0,-2706.83747376463,0.0,-2706.83747376463,-2718.317473764633,0.0,False,0
2026-02-12T21:00:00+00:00,SPX,2026-02-09,6833.54,RANGE,ABORTED,0.0,-2718.317473764633,0.0,-2706.83747376463,0.0,-2706.83747376463,-2718.317473764633,0.0,False,0
2026-02-13T14:30:00+00:00,SPX,2026-02-09,6830.99,RANGE,ABORTED,0.0,-2718.317473764633,0.0,-2706.83747376463,0.0,-2706.83747376463,-2718.317473764633,0.0,False,0
2026-02-13T15:00:00+00:00,SPX,2026-02-09,6829.64,RANGE,ABORTED,0.0,-2718.317473764633,0.0,-2706.83747376463,0.0,-2706.83747376463,-2718.317473764633,0.0,False,0
2026-02-13T15:30:00+00:00,SPX,2026-02-09,6860.02,RANGE,ABORTED,0.0,-2718.317473764633,0.0,-2706.83747376463,0.0,-2706.83747376463,-2718.317473764633,0.0,False,0
2026-02-13T16:00:00+00:00,SPX,2026-02-09,6852.92,RANGE,ABORTED,0.0,-2718.317473764633,0.0,-2706.83747376463,0.0,-2706.83747376463,-2718.317473764633,0.0,False,0
2026-02-13T16:30:00+00:00,SPX,2026-02-09,6857.09,RANGE,ABORTED,0.0,-2718.317473764633,0.0,-2706.83747376463,0.0,-2706.83747376463,-2718.317473764633,0.0,False,0
2026-02-13T17:00:00+00:00,SPX,2026-02-09,6872.19,RANGE,ABORTED,0.0,-2718.317473764633,0.0,-2706.83747376463,0.0,-2706.83747376463,-2718.317473764633,0.0,False,0
2026-02-13T17:30:00+00:00,SPX,2026-02-09,6878.09,RANGE,ABORTED,0.0,-2718.317473764633,0.0,-2706.83747376463,0.0,-2706.83747376463,-2718.317473764633,0.0,False,0
2026-02-13T18:00:00+00:00,SPX,2026-02-09,6864.05,RANGE,ABORTED,0.0,-2718.317473764633,0.0,-2706.83747376463,0.0,-2706.83747376463,-2718.317473764633,0.0,False,0
2026-02-13T18:30:00+00:00,SPX,2026-02-09,6876.62,RANGE,ABORTED,0.0,-2718.317473764633,0.0,-2706.83747376463,0.0,-2706.83747376463,-2718.317473764633,0.0,False,0
2026-02-13T19:00:00+00:00,SPX,2026-02-09,6864.45,RANGE,ABORTED,0.0,-2718.317473764633,0.0,-2706.83747376463,0.0,-2706.83747376463,-2718.317473764633,0.0,False,0
2026-02-13T19:30:00+00:00,SPX,2026-02-09,6865.43,RANGE,ABORTED,0.0,-2718.317473764633,0.0,-2706.83747376463,0.0,-2706.83747376463,-2718.317473764633,0.0,False,0
2026-02-13T20:00:00+00:00,SPX,2026-02-09,6850.87,RANGE,ABORTED,0.0,-2718.317473764633,0.0,-2706.83747376463,0.0,-2706.83747376463,-2718.317473764633,0.0,False,0
2026-02-13T20:30:00+00:00,SPX,2026-02-09,6821.52,TREND_DOWN,ABORTED,0.0,-2718.317473764633,0.0,-2706.83747376463,0.0,-2706.83747376463,-2718.317473764633,0.0,False,0
2026-02-13T21:00:00+00:00,SPX,2026-02-09,6835.08,TREND_DOWN,ABORTED,0.0,-2718.317473764633,0.0,-2706.83747376463,0.0,-2706.83747376463,-2718.317473764633,0.0,False,0
2026-02-17T14:30:00+00:00,SPX,2026-02-16,6834.65,TREND_DOWN,IDLE,0.0,-2718.317473764633,0.0,-2706.83747376463,0.0,-2706.83747376463,-2718.317473764633,0.0,False,0
2026-02-17T15:00:00+00:00,SPX,2026-02-16,6799.53,TREND_DOWN,IDLE,0.0,-2718.317473764633,0.0,-2706.83747376463,0.0,-2706.83747376463,-2718.317473764633,0.0,False,0
2026-02-17T15:30:00+00:00,SPX,2026-02-16,6777.9,TREND_DOWN,IDLE,0.0,-2718.317473764633,0.0,-2706.83747376463,0.0,-2706.83747376463,-2718.317473764633,0.0,False,0
2026-02-17T16:00:00+00:00,SPX,2026-02-16,6813.35,TREND_DOWN,IDLE,0.0,-2718.317473764633,0.0,-2706.83747376463,0.0,-2706.83747376463,-2718.317473764633,0.0,False,0
2026-02-17T16:30:00+00:00,SPX,2026-02-16,6836.12,TREND_DOWN,IDLE,0.0,-2718.317473764633,0.0,-2706.83747376463,0.0,-2706.83747376463,-2718.317473764633,0.0,False,0
2026-02-17T17:00:00+00:00,SPX,2026-02-16,6838.03,TREND_DOWN,IDLE,0.0,-2718.317473764633,0.0,-2706.83747376463,0.0,-2706.83747376463,-2718.317473764633,0.0,False,0
2026-02-17T17:30:00+00:00,SPX,2026-02-16,6835.53,RANGE,ACTIVE,-82.66800000000012,-2718.317473764633,-82.668,-2706.83747376463,-82.5,-2789.33747376463,-2800.9854737646333,82.668,False,3
2026-02-17T18:00:00+00:00,SPX,2026-02-16,6825.26,RANGE,ADJUSTED,15.720612942222488,-2718.317473764633,-66.9473870577778,-2706.83747376463,-66.72338705777779,-2773.560860822408,-2785.264860822411,110.224,True,4
2026-02-17T18:30:00+00:00,SPX,2026-02-16,6845.3,RANGE,ADJUSTED,-1.3023662693826736,-2718.317473764633,-68.24975332716052,-2706.83747376463,-68.02575332716052,-2774.8632270917906,-2786.5672270917935,110.224,True,4
2026-02-17T19:00:00+00:00,SPX,2026-02-16,6861.57,RANGE,ADJUSTED,-1.054460738765556,-2718.317473764633,-69.30421406592592,-2706.83747376463,-69.0802140659259,-2775.9176878305557,-2787.621687830559,110.224,True,4
2026-02-17T19:30:00+00:00,SPX,2026-02-16,6863.82,RANGE,ADJUSTED,-0.0691341362962703,-2718.317473764633,-69.3733482022222,-2706.83747376463,-69.1493482022222,-2775.9868219668524,-2787.6908219668553,110.224,True,4
2026-02-17T20:00:00+00:00,SPX,2026-02-16,6855.85,RANGE,ADJUSTED,0.6634292812345848,-2718.317473764633,-68.70991892098769,-2706.83747376463,-68.48591892098767,-2775.323392685618,-2787.0273926856207,110.224,True,4
2026-02-17T20:30:00+00:00,SPX,2026-02-16,6842.26,RANGE,ADJUSTED,1.0779426397530187,-2718.317473764633,-67.63197628123459,-2706.83747376463,-67.40797628123458,-2774.2454500458643,-2785.9494500458677,110.224,True,4
2026-02-17T21:00:00+00:00,SPX,2026-02-16,6846.03,RANGE,ADJUSTED,-0.17378744098778043,-2718.317473764633,-67.80576372222221,-2706.83747376463,-67.5817637222222,-2774.419237486852,-2786.1232374868555,110.224,True,4
2026-02-18T14:30:00+00:00,SPX,2026-02-16,6853.4,RANGE,ADJUSTED,2.8055382530865245,-2718.317473764633,-65.00022546913577,-2706.83747376463,-64.77622546913577,-2771.6136992337656,-2783.317699233769,110.224,True,4
2026-02-18T15:00:00+00:00,SPX,2026-02-16,6894.22,RANGE,ADJUSTED,-3.5926822745677782,-2718.317473764633,-68.59290774370373,-2706.83747376463,-68.36890774370372,-2775.206381508334,-2786.9103815083367,110.224,True,4
2026-02-18T15:30:00+00:00,SPX,2026-02-16,6892.11,RANGE,ADJUSTED,0.26734100555540863,-2718.317473764633,-68.32556673814813,-2706.83747376463,-68.10156673814811,-2774.939040502778,-2786.6430405027813,110.224,True,4
2026-02-18T16:00:00+00:00,SPX,2026-02-16,6904.05,RANGE,ADJUSTED,-1.0137098766667805,-2718.317473764633,-69.33927661481484,-2706.83747376463,-69.11527661481483,-2775.9527503794448,-2787.656750379448,110.224,True,4
2026-02-18T16:30:00+00:00,SPX,2026-02-16,6902.88,RANGE,ADJUSTED,0.17831477481513502,-2718.317473764633,-69.16096184000001,-2706.83747376463,-68.93696184000001,-2775.77443560463,-2787.478435604633,110.224,True,4
2026-02-18T17:00:00+00:00,SPX,2026-02-16,6899.71,RANGE,ADJUSTED,0.36404233012308396,-2718.317473764633,-68.79691950987655,-2706.83747376463,-68.57291950987654,-2775.4103932745065,-2787.11439327451,110.224,True,4
2026-02-18T17:30:00+00:00,SPX,2026-02-16,6897.68,RANGE,ADJUSTED,0.2613515177777117,-2718.317473764633,-68.53556799209879,-2706.83747376463,-68.31156799209879,-2775.149041756729,-2786.853041756732,110.224,True,4
2026-02-18T18:00:00+00:00,SPX,2026-02-16,6905.88,RANGE,ADJUSTED,-0.6907973056786432,-2718.317473764633,-69.22636529777779,-2706.83747376463,-69.00236529777779,-2775.839839062408,-2787.543839062411,110.224,True,4
2026-02-18T18:30:00+00:00,SPX,2026-02-16,6895.82,RANGE,ADJUSTED,1.0131609617283175,-2718.317473764633,-68.21320433604936,-2706.83747376463,-67.98920433604935,-2774.826678100679,-2786.5306781006825,110.224,True,4
2026-02-18T19:00:00+00:00,SPX,2026-02-16,6891.28,RANGE,ADJUSTED,0.5027380762962821,-2718.317473764633,-67.71046625975306,-2706.83747376463,-67.48646625975306,-2774.323940024383,-2786.027940024386,110.224,True,4
2026-02-18T19:30:00+00:00,SPX,2026-02-16,6877.43,RANGE,ADJUSTED,1.3890316801234803,-2718.317473764633,-66.32143457962965,-2706.83747376463,-66.09743457962965,-2772.93490834426,-2784.6389083442627,110.224,True,4
2026-02-18T20:00:00+00:00,SPX,2026-02-16,6868.14,RANGE,ADJUSTED,0.9683296700000028,-2718.317473764633,-65.35310490962966,-2706.83747376463,-65.12910490962966,-2771.96657867426,-2783.6705786742627,110.224,True,4
2026-02-18T20:30:00+00:00,SPX,2026-02-16,6869.33,RANGE,ADJUSTED,-0.025536688765441795,-2718.317473764633,-65.37864159839505,-2706.83747376463,-65.15464159839505,-2771.992115363025,-2783.696115363028,110.224,True,4
2026-02-18T21:00:00+00:00,SPX,2026-02-16,6879.66,RANGE,ADJUSTED,-0.9057922282718209,-2718.317473764633,-66.28443382666666,-2706.83747376463,-66.06043382666665,-2772.8979075912966,-2784.6019075913,110.224,True,4
2026-02-19T14:30:00+00:00,SPX,2026-02-16,6857.15,RANGE,ADJUSTED,5.443842040864183,-2718.317473764633,-60.84059178580243,-2706.83747376463,-60.61659178580243,-2767.4540655504325,-2779.158065550436,110.224,True,4
2026-02-19T15:00:00+00:00,SPX,2026-02-16,6872.57,RANGE,ADJUSTED,-1.6590978297526817,-2718.317473764633,-62.499689615555525,-2706.83747376463,-62.27568961555552,-2769.1131633801856,-2780.8171633801885,110.224,True,4
2026-02-19T15:30:00+00:00,SPX,2026-02-16,6873.83,RANGE,ADJUSTED,-0.057645783827410924,-2718.317473764633,-62.55733539938271,-2706.83747376463,-62.333335399382705,-2769.1708091640126,-2780.874809164016,110.224,True,4
2026-02-19T16:00:00+00:00,SPX,2026-02-16,6863.98,RANGE,ADJUSTED,1.2147876196295329,-2718.317473764633,-61.34254777975303,-2706.83747376463,-61.11854777975303,-2767.956021544383,-2779.6600215443864,110.224,True,4
2026-02-19T16:30:00+00:00,SPX,2026-02-16,6868.88,RANGE,ADJUSTED,-0.47375731061720217,-2718.317473764633,-61.81630509037038,-2706.83747376463,-61.592305090370374,-2768.429778855,-2780.1337788550036,110.224,True,4
2026-02-19T17:00:00+00:00,SPX,2026-02-16,6847.43,RANGE,ADJUSTED,2.567862942469219,-2718.317473764633,-59.24844214790127,-2706.83747376463,-59.02444214790126,-2765.8619159125315,-2777.5659159125344,110.224,True,4
2026-02-19T17:30:00+00:00,SPX,2026-02-16,6855.86,RANGE,ADJUSTED,-0.8803041160495013,-2718.317473764633,-60.12874626395059,-2706.83747376463,-59.90474626395058,-2766.7422200285805,-2778.446220028584,110.224,True,4
2026-02-19T18:00:00+00:00,SPX,2026-02-16,6838.56,RANGE,ADJUSTED,2.1112045750619473,-2718.317473764633,-58.01754168888894,-2706.83747376463,-57.79354168888893,-2764.631015453519,-2776.335015453522,110.224,True,4
2026-02-19T18:30:00+00:00,SPX,2026-02-16,6838.63,RANGE,ADJUSTED,0.09451538012308447,-2718.317473764633,-57.923026308765444,-2706.83747376463,-57.69902630876544,-2764.5365000733955,-2776.240500073399,110.224,True,4
2026-02-19T19:00:00+00:00,SPX,2026-02-16,6852.56,RANGE,ADJUSTED,-1.5348681781479172,-2718.317473764633,-59.45789448691363,-2706.83747376463,-59.23389448691363,-2766.0713682515434,-2777.7753682515468,110.224,True,4
2026-02-19T19:30:00+00:00,SPX,2026-02-16,6850.49,RANGE,ADJUSTED,0.34025439691367865,-2718.317473764633,-59.11764008999998,-2706.83747376463,-58.89364008999997,-2765.73111385463,-2777.435113854633,110.224,True,4
2026-02-19T20:00:00+00:00,SPX,2026-02-16,6849.91,RANGE,ADJUSTED,0.16566058530861483,-2718.317473764633,-58.95197950469134,-2706.83747376463,-58.72797950469133,-2765.565453269321,-2777.2694532693245,110.224,True,4
2026-02-19T20:30:00+00:00,SPX,2026-02-16,6850.06,RANGE,ADJUSTED,0.07934492567892448,-2718.317473764633,-58.8726345790124,-2706.83747376463,-58.648634579012395,-2765.486108343642,-2777.1901083436455,110.224,True,4
2026-02-19T21:00:00+00:00,SPX,2026-02-16,6861.65,RANGE,ADJUSTED,-1.287861313580379,-2718.317473764633,-60.16049589259255,-2706.83747376463,-59.936495892592546,-2766.7739696572226,-2778.477969657226,110.224,True,4
2026-02-20T14:30:00+00:00,SPX,2026-02-16,6850.82,RANGE,ADJUSTED,4.680583105679034,-2718.317473764633,-55.479912786913545,-2706.83747376463,-55.25591278691354,-2762.0933865515435,-2773.797386551547,110.224,True,4
2026-02-20T15:00:00+00:00,SPX,2026-02-16,6886.04,RANGE,ADJUSTED,-4.727886943456724,-2718.317473764633,-60.20779973037037,-2706.83747376463,-59.98379973037036,-2766.8212734950002,-2778.5252734950036,110.224,True,4
2026-02-20T15:30:00+00:00,SPX,2026-02-16,6878.37,RANGE,ADJUSTED,1.1340534048149493,-2718.317473764633,-59.07374632555555,-2706.83747376463,-58.849746325555536,-2765.6872200901853,-2777.3912200901887,110.224,True,4
2026-02-20T16:00:00+00:00,SPX,2026-02-16,6906.07,RANGE,ADJUSTED,-3.7380475801232933,-2718.317473764633,-62.81179390567897,-2706.83747376463,-62.587793905678964,-2769.425267670309,-2781.129267670312,110.224,True,4
2026-02-20T16:30:00+00:00,SPX,2026-02-16,6889.85,RANGE,ADJUSTED,2.3154640816046594,-2718.317473764633,-60.496329824074124,-2706.83747376463,-60.27232982407412,-2767.109803588704,-2778.8138035887073,110.224,True,4
2026-02-20T17:00:00+00:00,SPX,2026-02-16,6896.35,RANGE,ADJUSTED,-0.8252426043209198,-2718.317473764633,-61.321572428395115,-2706.83747376463,-61.09757242839511,-2767.9350461930253,-2779.639046193028,110.224,True,4
2026-02-20T17:30:00+00:00,SPX,2026-02-16,6874.22,RANGE,ADJUSTED,3.15988470518505,-2718.317473764633,-58.16168772320991,-2706.83747376463,-57.937687723209905,-2764.77516148784,-2776.479161487843,110.224,True,4
2026-02-20T18:00:00+00:00,SPX,2026-02-16,6887.3,RANGE,ADJUSTED,-1.7445099656788443,-2718.317473764633,-59.90619768888891,-2706.83747376463,-59.682197688888905,-2766.519671453519,-2778.223671453522,110.224,True,4
2026-02-20T18:30:00+00:00,SPX,2026-02-16,6894.75,RANGE,ADJUSTED,-0.9668432277776446,-2718.317473764633,-60.87304091666667,-2706.83747376463,-60.649040916666664,-2767.4865146812967,-2779.1905146812996,110.224,True,4
2026-02-20T19:00:00+00:00,SPX,2026-02-16,6911.42,RANGE,ADJUSTED,-2.272920745062038,-2718.317473764633,-63.14596166172841,-2706.83747376463,-62.9219616617284,-2769.7594354263583,-2781.4634354263617,110.224,True,4
2026-02-20T19:30:00+00:00,SPX,2026-02-16,6904.29,RANGE,ADJUSTED,1.075198065062068,-2718.317473764633,-62.070763596666666,-2706.83747376463,-61.84676359666666,-2768.6842373612967,-2780.3882373612996,110.224,True,4
2026-02-20T20:00:00+00:00,SPX,2026-02-16,6902.63,RANGE,EXITED,0.25024110135746014,-2780.137996259942,0.0,-2768.3779962599388,0.0,-2768.3779962599388,-2780.137996259942,0.0,False,0
2026-02-20T20:30:00+00:00,SPX,2026-02-16,6901.45,RANGE,EXITED,0.0,-2780.137996259942,0.0,-2768.3779962599388,0.0,-2768.3779962599388,-2780.137996259942,0.0,False,0
2026-02-20T21:00:00+00:00,SPX,2026-02-16,6910.22,RANGE,EXITED,0.0,-2780.137996259942,0.0,-2768.3779962599388,0.0,-2768.3779962599388,-2780.137996259942,0.0,False,0
2026-02-23T14:30:00+00:00,SPX,2026-02-23,6910.42,RANGE,IDLE,0.0,-2780.137996259942,0.0,-2768.3779962599388,0.0,-2768.3779962599388,-2780.137996259942,0.0,False,0
2026-02-23T15:00:00+00:00,SPX,2026-02-23,6868.98,RANGE,ACTIVE,-82.66800000000012,-2780.137996259942,-82.668,-2768.3779962599388,-82.5,-2850.8779962599388,-2862.8059962599423,82.668,False,3
2026-02-23T15:30:00+00:00,SPX,2026-02-23,6856.26,RANGE,ADJUSTED,15.650662720000128,-2780.137996259942,-67.01733728000002,-2768.3779962599388,-66.79333728000002,-2835.1713335399386,-2847.155333539942,110.224,True,4
2026-02-23T16:00:00+00:00,SPX,2026-02-23,6828.64,RANGE,ADJUSTED,-1.6592581323457125,-2780.137996259942,-68.67659541234566,-2768.3779962599388,-68.45259541234566,-2836.8305916722843,-2848.814591672288,110.224,True,4
2026-02-23T16:30:00+00:00,SPX,2026-02-23,6843.01,RANGE,ADJUSTED,1.115638037284043,-2780.137996259942,-67.56095737506172,-2768.3779962599388,-67.33695737506171,-2835.7149536350003,-2847.698953635004,110.224,True,4
2026-02-23T17:00:00+00:00,SPX,2026-02-23,6837.35,RANGE,ADJUSTED,-0.30069366012367027,-2780.137996259942,-67.86165103518516,-2768.3779962599388,-67.63765103518516,-2836.015647295124,-2847.9996472951275,110.224,True,4
2026-02-23T17:30:00+00:00,SPX,2026-02-23,6829.97,RANGE,ADJUSTED,-0.42984897320957316,-2780.137996259942,-68.29150000839505,-2768.3779962599388,-68.06750000839504,-2836.445496268334,-2848.429496268337,110.224,True,4
2026-02-23T18:00:00+00:00,SPX,2026-02-23,6839.97,RANGE,ADJUSTED,0.8209290072836666,-2780.137996259942,-67.4705710011111,-2768.3779962599388,-67.24657100111109,-2835.62456726105,-2847.6085672610534,110.224,True,4
2026-02-23T18:30:00+00:00,SPX,2026-02-23,6853.7,RANGE,ADJUSTED,1.1024300751851115,-2780.137996259942,-66.36814092592594,-2768.3779962599388,-66.14414092592594,-2834.5221371858647,-2846.5061371858683,110.224,True,4
2026-02-23T19:00:00+00:00,SPX,2026-02-23,6834.89,RANGE,ADJUSTED,-1.2710586872835847,-2780.137996259942,-67.63919961320985,-2768.3779962599388,-67.41519961320985,-2835.7931958731488,-2847.777195873152,110.224,True,4
2026-02-23T19:30:00+00:00,SPX,2026-02-23,6829.28,RANGE,ADJUSTED,-0.31469341987667576,-2780.137996259942,-67.95389303308644,-2768.3779962599388,-67.72989303308644,-2836.107889293025,-2848.0918892930285,110.224,True,4
2026-02-23T20:00:00+00:00,SPX,2026-02-23,6828.06,RANGE,ADJUSTED,0.0061303597531150444,-2780.137996259942,-67.9477626733333,-2768.3779962599388,-67.7237626733333,-2836.101758933272,-2848.0857589332754,110.224,True,4
2026-02-23T20:30:00+00:00,SPX,2026-02-23,6836.82,RANGE,ADJUSTED,0.7515276999997695,-2780.137996259942,-67.19623497333336,-2768.3779962599388,-66.97223497333334,-2835.350231233272,-2847.3342312332757,110.224,True,4
2026-02-23T21:00:00+00:00,SPX,2026-02-23,6839.59,RANGE,ADJUSTED,0.3090293949385341,-2780.137996259942,-66.88720557839505,-2768.3779962599388,-66.66320557839505,-2835.041201838334,-2847.025201838337,110.224,True,4
2026-02-24T14:30:00+00:00,SPX,2026-02-23,6823.26,RANGE,ADJUSTED,2.056220785802452,-2780.137996259942,-64.83098479259257,-2768.3779962599388,-64.60698479259257,-2832.984981052531,-2844.9689810525347,110.224,True,4
2026-02-24T15:00:00+00:00,SPX,2026-02-23,6842.65,RANGE,ADJUSTED,1.8929064475305495,-2780.137996259942,-62.93807834506177,-2768.3779962599388,-62.714078345061765,-2831.0920746050006,-2843.076074605004,110.224,True,4
2026-02-24T15:30:00+00:00,SPX,2026-02-23,6877.98,RANGE,ADJUSTED,-0.888129797160218,-2780.137996259942,-63.826208142222185,-2768.3779962599388,-63.60220814222218,-2831.980204402161,-2843.9642044021643,110.224,True,4
2026-02-24T16:00:00+00:00,SPX,2026-02-23,6876.37,RANGE,ADJUSTED,0.24907622530872686,-2780.137996259942,-63.57713191691357,-2768.3779962599388,-63.35313191691357,-2831.7311281768525,-2843.7151281768556,110.224,True,4
2026-02-24T16:30:00+00:00,SPX,2026-02-23,6868.6,RANGE,ADJUSTED,0.8311495119751271,-2780.137996259942,-62.7459824049383,-2768.3779962599388,-62.5219824049383,-2830.899978664877,-2842.8839786648805,110.224,True,4
2026-02-24T17:00:00+00:00,SPX,2026-02-23,6882.27,RANGE,ADJUSTED,-1.19218981172844,-2780.137996259942,-63.938172216666715,-2768.3779962599388,-63.714172216666704,-2832.0921684766054,-2844.076168476609,110.224,True,4
2026-02-24T17:30:00+00:00,SPX,2026-02-23,6891.09,RANGE,ADJUSTED,-0.7437020188885981,-2780.137996259942,-64.68187423555557,-2768.3779962599388,-64.45787423555556,-2832.8358704954944,-2844.8198704954975,110.224,True,4
2026-02-24T18:00:00+00:00,SPX,2026-02-23,6896.51,RANGE,ADJUSTED,-0.4269052346917306,-2780.137996259942,-65.10877947024693,-2768.3779962599388,-64.88477947024693,-2833.2627757301857,-2845.2467757301893,110.224,True,4
2026-02-24T18:30:00+00:00,SPX,2026-02-23,6888.83,RANGE,ADJUSTED,0.8278074458025912,-2780.137996259942,-64.28097202444444,-2768.3779962599388,-64.05697202444443,-2832.434968284383,-2844.4189682843867,110.224,True,4
2026-02-24T19:00:00+00:00,SPX,2026-02-23,6890.82,RANGE,ADJUSTED,-0.09950419111100928,-2780.137996259942,-64.38047621555553,-2768.3779962599388,-64.15647621555553,-2832.534472475494,-2844.5184724754977,110.224,True,4
2026-02-24T19:30:00+00:00,SPX,2026-02-23,6885.34,RANGE,ADJUSTED,0.6242960180247792,-2780.137996259942,-63.75618019753088,-2768.3779962599388,-63.53218019753088,-2831.91017645747,-2843.894176457473,110.224,True,4
2026-02-24T20:00:00+00:00,SPX,2026-02-23,6886.74,RANGE,ADJUSTED,-0.04213529358048618,-2780.137996259942,-63.7983154911111,-2768.3779962599388,-63.574315491111086,-2831.95231175105,-2843.9363117510534,110.224,True,4
2026-02-24T20:30:00+00:00,SPX,2026-02-23,6886.26,RANGE,ADJUSTED,0.1409788437035786,-2780.137996259942,-63.65733664740743,-2768.3779962599388,-63.43333664740743,-2831.8113329073462,-2843.79533290735,110.224,True,4
2026-02-24T21:00:00+00:00,SPX,2026-02-23,6891.04,RANGE,ADJUSTED,-0.3772454345676124,-2780.137996259942,-64.03458208197532,-2768.3779962599388,-63.810582081975305,-2832.188578341914,-2844.1725783419174,110.224,True,4
2026-02-25T14:30:00+00:00,SPX,2026-02-23,6925.23,RANGE,ADJUSTED,-0.7401219276543998,-2780.137996259942,-64.77470400962957,-2768.3779962599388,-64.55070400962957,-2832.9287002695683,-2844.912700269572,110.224,True,4
2026-02-25T15:00:00+00:00,SPX,2026-02-23,6926.12,RANGE,ADJUSTED,-0.028145249135832273,-2780.137996259942,-64.80284925876542,-2768.3779962599388,-64.57884925876542,-2832.956845518704,-2844.9408455187076,110.224,True,4
2026-02-25T15:30:00+00:00,SPX,2026-02-23,6920.65,RANGE,ADJUSTED,0.7124624439506988,-2780.137996259942,-64.09038681481478,-2768.3779962599388,-63.86638681481477,-2832.2443830747534,-2844.228383074757,110.224,True,4
2026-02-25T16:00:00+00:00,SPX,2026-02-23,6925.88,RANGE,ADJUSTED,-0.5348666019754091,-2780.137996259942,-64.62525341679014,-2768.3779962599388,-64.40125341679013,-2832.779249676729,-2844.7632496767324,110.224,True,4
2026-02-25T16:30:00+00:00,SPX,2026-02-23,6931.99,RANGE,ADJUSTED,-0.6433963148147086,-2780.137996259942,-65.26864973160491,-2768.3779962599388,-65.0446497316049,-2833.4226459915435,-2845.406645991547,110.224,True,4
2026-02-25T17:00:00+00:00,SPX,2026-02-23,6938.05,RANGE,ADJUSTED,-0.643430318395076,-2780.137996259942,-65.91208005000003,-2768.3779962599388,-65.68808005000002,-2834.0660763099386,-2846.050076309942,110.224,True,4
2026-02-25T17:30:00+00:00,SPX,2026-02-23,6936.92,RANGE,ADJUSTED,0.2028896480246658,-2780.137996259942,-65.70919040197532,-2768.3779962599388,-65.48519040197532,-2833.863186661914,-2845.8471866619175,110.224,True,4
2026-02-25T18:00:00+00:00,SPX,2026-02-23,6941.46,RANGE,ADJUSTED,-0.47081357209890484,-2780.137996259942,-66.18000397407408,-2768.3779962599388,-65.95600397407408,-2834.334000234013,-2846.3180002340164,110.224,True,4
2026-02-25T18:30:00+00:00,SPX,2026-02-23,6940.08,RANGE,ADJUSTED,0.23220559185210732,-2780.137996259942,-65.94779838222222,-2768.3779962599388,-65.72379838222221,-2834.101794642161,-2846.0857946421643,110.224,True,4
2026-02-25T19:00:00+00:00,SPX,2026-02-23,6943.92,RANGE,ADJUSTED,-0.39277049777774664,-2780.137996259942,-66.34056888,-2768.3779962599388,-66.11656888,-2834.494565139939,-2846.478565139942,110.224,True,4
2026-02-25T19:30:00+00:00,SPX,2026-02-23,6948.3,RANGE,ADJUSTED,-0.4615548829629006,-2780.137996259942,-66.80212376296299,-2768.3779962599388,-66.57812376296299,-2834.956120022902,-2846.940120022905,110.224,True,4
2026-02-25T20:00:00+00:00,SPX,2026-02-23,6947.69,RANGE,ADJUSTED,0.1377582188888482,-2780.137996259942,-66.66436554407403,-2768.3779962599388,-66.44036554407403,-2834.818361804013,-2846.802361804016,110.224,True,4
2026-02-25T20:30:00+00:00,SPX,2026-02-23,6945.49,RANGE,ADJUSTED,0.3314426119750351,-2780.137996259942,-66.33292293209874,-2768.3779962599388,-66.10892293209874,-2834.4869191920375,-2846.470919192041,110.224,True,4
2026-02-25T21:00:00+00:00,SPX,2026-02-23,6946.89,RANGE,ADJUSTED,-0.10535766456769124,-2780.137996259942,-66.43828059666671,-2768.3779962599388,-66.2142805966667,-2834.5922768566056,-2846.5762768566087,110.224,True,4
2026-02-26T14:30:00+00:00,SPX,2026-02-23,6937.01,RANGE,ADJUSTED,3.6357259495061953,-2780.137996259942,-62.80255464716052,-2768.3779962599388,-62.578554647160516,-2830.9565509070994,-2842.9405509071025,110.224,True,4
2026-02-26T15:00:00+00:00,SPX,2026-02-23,6919.92,RANGE,ADJUSTED,2.4520564634567563,-2780.137996259942,-60.35049818370372,-2768.3779962599388,-60.12649818370371,-2828.5044944436427,-2840.488494443646,110.224,True,4
2026-02-26T15:30:00+00:00,SPX,2026-02-23,6860.83,RANGE,ADJUSTED,8.344478592592623,-2780.137996259942,-52.0060195911111,-2768.3779962599388,-51.782019591111094,-2820.16001585105,-2832.144015851053,110.224,True,4
2026-02-26T16:00:00+00:00,SPX,2026-02-23,6896.93,RANGE,ADJUSTED,-4.961476966790087,-2780.137996259942,-56.96749655790127,-2768.3779962599388,-56.74349655790127,-2825.12149281784,-2837.1054928178432,110.224,True,4
2026-02-26T16:30:00+00:00,SPX,2026-02-23,6901.65,RANGE,ADJUSTED,-0.575986645802459,-2780.137996259942,-57.54348320370366,-2768.3779962599388,-57.31948320370365,-2825.6974794636426,-2837.6814794636457,110.224,True,4
2026-02-26T17:00:00+00:00,SPX,2026-02-23,6881.76,RANGE,ADJUSTED,2.8982417281481503,-2780.137996259942,-54.64524147555559,-2768.3779962599388,-54.42124147555559,-2822.7992377354944,-2834.7832377354976,110.224,True,4
2026-02-26T17:30:00+00:00,SPX,2026-02-23,6884.08,RANGE,ADJUSTED,-0.23277879506167665,-2780.137996259942,-54.87802027061727,-2768.3779962599388,-54.654020270617266,-2823.032016530556,-2835.016016530559,110.224,True,4
2026-02-26T18:00:00+00:00,SPX,2026-02-23,6866.79,RANGE,ADJUSTED,2.5560442695059464,-2780.137996259942,-52.32197600111111,-2768.3779962599388,-52.0979760011111,-2820.4759722610497,-2832.4599722610533,110.224,True,4
2026-02-26T18:30:00+00:00,SPX,2026-02-23,6884.9,RANGE,ADJUSTED,-2.482810272962979,-2780.137996259942,-54.80478627407402,-2768.3779962599388,-54.580786274074015,-2822.9587825340127,-2834.9427825340163,110.224,True,4
2026-02-26T19:00:00+00:00,SPX,2026-02-23,6894.68,RANGE,ADJUSTED,-1.306709012345891,-2780.137996259942,-56.111495286419796,-2768.3779962599388,-55.88749528641979,-2824.2654915463586,-2836.249491546362,110.224,True,4
2026-02-26T19:30:00+00:00,SPX,2026-02-23,6907.98,RANGE,ADJUSTED,-1.8223393032094464,-2780.137996259942,-57.93383458962957,-2768.3779962599388,-57.709834589629565,-2826.0878308495685,-2838.0718308495716,110.224,True,4
2026-02-26T20:00:00+00:00,SPX,2026-02-23,6911.42,RANGE,ADJUSTED,-0.4127354570373427,-2780.137996259942,-58.34657004666667,-2768.3779962599388,-58.12257004666667,-2826.5005663066054,-2838.484566306609,110.224,True,4
2026-02-26T20:30:00+00:00,SPX,2026-02-23,6909.91,RANGE,ADJUSTED,0.3004750656791657,-2780.137996259942,-58.04609498098763,-2768.3779962599388,-57.82209498098763,-2826.200091240926,-2838.18409124093,110.224,True,4
2026-02-26T21:00:00+00:00,SPX,2026-02-23,6909.01,RANGE,ADJUSTED,0.21334332012338564,-2780.137996259942,-57.83275166086423,-2768.3779962599388,-57.60875166086423,-2825.986747920803,-2837.9707479208064,110.224,True,4
2026-02-27T14:30:00+00:00,SPX,2026-02-23,6852.52,RANGE,EXITED,11.211654660370186,-2826.759093260436,0.0,-2814.7190932604326,0.0,-2814.7190932604326,-2826.759093260436,0.0,False,0
2026-02-27T15:00:00+00:00,SPX,2026-02-23,6854.33,RANGE,EXITED,0.0,-2826.759093260436,0.0,-2814.7190932604326,0.0,-2814.7190932604326,-2826.759093260436,0.0,False,0
2026-02-27T15:30:00+00:00,SPX,2026-02-23,6860.4,RANGE,EXITED,0.0,-2826.759093260436,0.0,-2814.7190932604326,0.0,-2814.7190932604326,-2826.759093260436,0.0,False,0
2026-02-27T16:00:00+00:00,SPX,2026-02-23,6872.25,RANGE,EXITED,0.0,-2826.759093260436,0.0,-2814.7190932604326,0.0,-2814.7190932604326,-2826.759093260436,0.0,False,0
2026-02-27T16:30:00+00:00,SPX,2026-02-23,6876.81,RANGE,EXITED,0.0,-2826.759093260436,0.0,-2814.7190932604326,0.0,-2814.7190932604326,-2826.759093260436,0.0,False,0
2026-02-27T17:00:00+00:00,SPX,2026-02-23,6871.47,RANGE,EXITED,0.0,-2826.759093260436,0.0,-2814.7190932604326,0.0,-2814.7190932604326,-2826.759093260436,0.0,False,0
2026-02-27T17:30:00+00:00,SPX,2026-02-23,6864.08,RANGE,EXITED,0.0,-2826.759093260436,0.0,-2814.7190932604326,0.0,-2814.7190932604326,-2826.759093260436,0.0,False,0
2026-02-27T18:00:00+00:00,SPX,2026-02-23,6857.3,RANGE,EXITED,0.0,-2826.759093260436,0.0,-2814.7190932604326,0.0,-2814.7190932604326,-2826.759093260436,0.0,False,0
2026-02-27T18:30:00+00:00,SPX,2026-02-23,6852.05,RANGE,EXITED,0.0,-2826.759093260436,0.0,-2814.7190932604326,0.0,-2814.7190932604326,-2826.759093260436,0.0,False,0
2026-02-27T19:00:00+00:00,SPX,2026-02-23,6861.97,RANGE,EXITED,0.0,-2826.759093260436,0.0,-2814.7190932604326,0.0,-2814.7190932604326,-2826.759093260436,0.0,False,0
2026-02-27T19:30:00+00:00,SPX,2026-02-23,6849.7,RANGE,EXITED,0.0,-2826.759093260436,0.0,-2814.7190932604326,0.0,-2814.7190932604326,-2826.759093260436,0.0,False,0
2026-02-27T20:00:00+00:00,SPX,2026-02-23,6851.84,RANGE,EXITED,0.0,-2826.759093260436,0.0,-2814.7190932604326,0.0,-2814.7190932604326,-2826.759093260436,0.0,False,0
2026-02-27T20:30:00+00:00,SPX,2026-02-23,6868.91,RANGE,EXITED,0.0,-2826.759093260436,0.0,-2814.7190932604326,0.0,-2814.7190932604326,-2826.759093260436,0.0,False,0
2026-02-27T21:00:00+00:00,SPX,2026-02-23,6878.04,RANGE,EXITED,0.0,-2826.759093260436,0.0,-2814.7190932604326,0.0,-2814.7190932604326,-2826.759093260436,0.0,False,0
2026-03-02T14:30:00+00:00,SPX,2026-03-02,6827.2,RANGE,IDLE,0.0,-2826.759093260436,0.0,-2814.7190932604326,0.0,-2814.7190932604326,-2826.759093260436,0.0,False,0
2026-03-02T15:00:00+00:00,SPX,2026-03-02,6857.38,RANGE,ACTIVE,-82.66800000000012,-2826.759093260436,-82.668,-2814.7190932604326,-82.5,-2897.2190932604326,-2909.4270932604363,82.668,False,3
2026-03-02T15:30:00+00:00,SPX,2026-03-02,6844.86,RANGE,ADJUSTED,15.729006968888825,-2826.759093260436,-66.93899303111114,-2814.7190932604326,-66.71499303111113,-2881.4340862915437,-2893.6980862915475,110.224,True,4
2026-03-02T16:00:00+00:00,SPX,2026-03-02,6861.51,RANGE,ADJUSTED,-1.0438079028394895,-2826.759093260436,-67.98280093395064,-2814.7190932604326,-67.75880093395062,-2882.477894194383,-2894.741894194387,110.224,True,4
2026-03-02T16:30:00+00:00,SPX,2026-03-02,6853.59,RANGE,ADJUSTED,0.6629775193828209,-2826.759093260436,-67.31982341456792,-2814.7190932604326,-67.09582341456792,-2881.8149166750004,-2894.078916675004,110.224,True,4
2026-03-02T17:00:00+00:00,SPX,2026-03-02,6878.58,RANGE,ADJUSTED,-1.6793493906170625,-2826.759093260436,-68.99917280518518,-2814.7190932604326,-68.77517280518518,-2883.494266065618,-2895.7582660656212,110.224,True,4
2026-03-02T17:30:00+00:00,SPX,2026-03-02,6876.51,RANGE,ADJUSTED,0.24180431678996683,-2826.759093260436,-68.75736848839507,-2814.7190932604326,-68.53336848839507,-2883.2524617488275,-2895.5164617488313,110.224,True,4
2026-03-02T18:00:00+00:00,SPX,2026-03-02,6886.99,RANGE,ADJUSTED,-0.6645416840742655,-2826.759093260436,-69.42191017246913,-2814.7190932604326,-69.19791017246912,-2883.9170034329018,-2896.1810034329055,110.224,True,4
2026-03-02T18:30:00+00:00,SPX,2026-03-02,6881.39,RANGE,ADJUSTED,0.49694289469152864,-2826.759093260436,-68.92496727777781,-2814.7190932604326,-68.7009672777778,-2883.4200605382102,-2895.684060538214,110.224,True,4
2026-03-02T19:00:00+00:00,SPX,2026-03-02,6872.21,RANGE,ADJUSTED,0.7649785448147668,-2826.759093260436,-68.15998873296297,-2814.7190932604326,-67.93598873296295,-2882.6550819933955,-2894.9190819933992,110.224,True,4
2026-03-02T19:30:00+00:00,SPX,2026-03-02,6899.24,RANGE,ADJUSTED,-1.8997168788887393,-2826.759093260436,-70.05970561185184,-2814.7190932604326,-69.83570561185184,-2884.5547988722847,-2896.818798872288,110.224,True,4
2026-03-02T20:00:00+00:00,SPX,2026-03-02,6895.73,RANGE,ADJUSTED,0.3438199151851222,-2826.759093260436,-69.71588569666663,-2814.7190932604326,-69.49188569666663,-2884.210978957099,-2896.474978957103,110.224,True,4
2026-03-02T20:30:00+00:00,SPX,2026-03-02,6875.61,RANGE,ADJUSTED,1.5897888179010806,-2826.759093260436,-68.12609687876541,-2814.7190932604326,-67.9020968787654,-2882.621190139198,-2894.8851901392018,110.224,True,4
2026-03-02T21:00:00+00:00,SPX,2026-03-02,6880.05,RANGE,ADJUSTED,-0.23987582802465113,-2826.759093260436,-68.36597270679015,-2814.7190932604326,-68.14197270679014,-2882.8610659672227,-2895.1250659672264,110.224,True,4
2026-03-03T14:30:00+00:00,SPX,2026-03-02,6759.52,TREND_DOWN,ABORTED,-1.4809686067901566,-2896.6060345740166,0.0,-2884.286034574013,0.0,-2884.286034574013,-2896.6060345740166,0.0,False,0
2026-03-03T15:00:00+00:00,SPX,2026-03-02,6734.51,TREND_DOWN,ABORTED,0.0,-2896.6060345740166,0.0,-2884.286034574013,0.0,-2884.286034574013,-2896.6060345740166,0.0,False,0
2026-03-03T15:30:00+00:00,SPX,2026-03-02,6723.95,TREND_DOWN,ABORTED,0.0,-2896.6060345740166,0.0,-2884.286034574013,0.0,-2884.286034574013,-2896.6060345740166,0.0,False,0
2026-03-03T16:00:00+00:00,SPX,2026-03-02,6747.48,TREND_DOWN,ABORTED,0.0,-2896.6060345740166,0.0,-2884.286034574013,0.0,-2884.286034574013,-2896.6060345740166,0.0,False,0
2026-03-03T16:30:00+00:00,SPX,2026-03-02,6772.38,RANGE,ABORTED,0.0,-2896.6060345740166,0.0,-2884.286034574013,0.0,-2884.286034574013,-2896.6060345740166,0.0,False,0
2026-03-03T17:00:00+00:00,SPX,2026-03-02,6788.74,RANGE,ABORTED,0.0,-2896.6060345740166,0.0,-2884.286034574013,0.0,-2884.286034574013,-2896.6060345740166,0.0,False,0
2026-03-03T17:30:00+00:00,SPX,2026-03-02,6779.27,RANGE,ABORTED,0.0,-2896.6060345740166,0.0,-2884.286034574013,0.0,-2884.286034574013,-2896.6060345740166,0.0,False,0
2026-03-03T18:00:00+00:00,SPX,2026-03-02,6798.53,RANGE,ABORTED,0.0,-2896.6060345740166,0.0,-2884.286034574013,0.0,-2884.286034574013,-2896.6060345740166,0.0,False,0
2026-03-03T18:30:00+00:00,SPX,2026-03-02,6820.31,RANGE,ABORTED,0.0,-2896.6060345740166,0.0,-2884.286034574013,0.0,-2884.286034574013,-2896.6060345740166,0.0,False,0
2026-03-03T19:00:00+00:00,SPX,2026-03-02,6826.36,RANGE,ABORTED,0.0,-2896.6060345740166,0.0,-2884.286034574013,0.0,-2884.286034574013,-2896.6060345740166,0.0,False,0
2026-03-03T19:30:00+00:00,SPX,2026-03-02,6811.21,RANGE,ABORTED,0.0,-2896.6060345740166,0.0,-2884.286034574013,0.0,-2884.286034574013,-2896.6060345740166,0.0,False,0
2026-03-03T20:00:00+00:00,SPX,2026-03-02,6825.78,RANGE,ABORTED,0.0,-2896.6060345740166,0.0,-2884.286034574013,0.0,-2884.286034574013,-2896.6060345740166,0.0,False,0
2026-03-03T20:30:00+00:00,SPX,2026-03-02,6822.59,RANGE,ABORTED,0.0,-2896.6060345740166,0.0,-2884.286034574013,0.0,-2884.286034574013,-2896.6060345740166,0.0,False,0
2026-03-03T21:00:00+00:00,SPX,2026-03-02,6816.59,RANGE,ABORTED,0.0,-2896.6060345740166,0.0,-2884.286034574013,0.0,-2884.286034574013,-2896.6060345740166,0.0,False,0
2026-03-04T14:30:00+00:00,SPX,2026-03-02,6843.94,RANGE,ABORTED,0.0,-2896.6060345740166,0.0,-2884.286034574013,0.0,-2884.286034574013,-2896.6060345740166,0.0,False,0
2026-03-04T15:00:00+00:00,SPX,2026-03-02,6830.05,RANGE,ABORTED,0.0,-2896.6060345740166,0.0,-2884.286034574013,0.0,-2884.286034574013,-2896.6060345740166,0.0,False,0
2026-03-04T15:30:00+00:00,SPX,2026-03-02,6868.75,RANGE,ABORTED,0.0,-2896.6060345740166,0.0,-2884.286034574013,0.0,-2884.286034574013,-2896.6060345740166,0.0,False,0
2026-03-04T16:00:00+00:00,SPX,2026-03-02,6877.25,RANGE,ABORTED,0.0,-2896.6060345740166,0.0,-2884.286034574013,0.0,-2884.286034574013,-2896.6060345740166,0.0,False,0
2026-03-04T16:30:00+00:00,SPX,2026-03-02,6870.04,RANGE,ABORTED,0.0,-2896.6060345740166,0.0,-2884.286034574013,0.0,-2884.286034574013,-2896.6060345740166,0.0,False,0
2026-03-04T17:00:00+00:00,SPX,2026-03-02,6877.66,RANGE,ABORTED,0.0,-2896.6060345740166,0.0,-2884.286034574013,0.0,-2884.286034574013,-2896.6060345740166,0.0,False,0
2026-03-04T17:30:00+00:00,SPX,2026-03-02,6869.32,RANGE,ABORTED,0.0,-2896.6060345740166,0.0,-2884.286034574013,0.0,-2884.286034574013,-2896.6060345740166,0.0,False,0
2026-03-04T18:00:00+00:00,SPX,2026-03-02,6874.97,RANGE,ABORTED,0.0,-2896.6060345740166,0.0,-2884.286034574013,0.0,-2884.286034574013,-2896.6060345740166,0.0,False,0
2026-03-04T18:30:00+00:00,SPX,2026-03-02,6878.29,RANGE,ABORTED,0.0,-2896.6060345740166,0.0,-2884.286034574013,0.0,-2884.286034574013,-2896.6060345740166,0.0,False,0
2026-03-04T19:00:00+00:00,SPX,2026-03-02,6883.16,RANGE,ABORTED,0.0,-2896.6060345740166,0.0,-2884.286034574013,0.0,-2884.286034574013,-2896.6060345740166,0.0,False,0
2026-03-04T19:30:00+00:00,SPX,2026-03-02,6880.22,RANGE,ABORTED,0.0,-2896.6060345740166,0.0,-2884.286034574013,0.0,-2884.286034574013,-2896.6060345740166,0.0,False,0
2026-03-04T20:00:00+00:00,SPX,2026-03-02,6884.2,RANGE,ABORTED,0.0,-2896.6060345740166,0.0,-2884.286034574013,0.0,-2884.286034574013,-2896.6060345740166,0.0,False,0
2026-03-04T20:30:00+00:00,SPX,2026-03-02,6874.95,RANGE,ABORTED,0.0,-2896.6060345740166,0.0,-2884.286034574013,0.0,-2884.286034574013,-2896.6060345740166,0.0,False,0
2026-03-04T21:00:00+00:00,SPX,2026-03-02,6868.95,RANGE,ABORTED,0.0,-2896.6060345740166,0.0,-2884.286034574013,0.0,-2884.286034574013,-2896.6060345740166,0.0,False,0
2026-03-05T14:30:00+00:00,SPX,2026-03-02,6856.62,RANGE,ABORTED,0.0,-2896.6060345740166,0.0,-2884.286034574013,0.0,-2884.286034574013,-2896.6060345740166,0.0,False,0
2026-03-05T15:00:00+00:00,SPX,2026-03-02,6858.32,RANGE,ABORTED,0.0,-2896.6060345740166,0.0,-2884.286034574013,0.0,-2884.286034574013,-2896.6060345740166,0.0,False,0
2026-03-05T15:30:00+00:00,SPX,2026-03-02,6816.83,RANGE,ABORTED,0.0,-2896.6060345740166,0.0,-2884.286034574013,0.0,-2884.286034574013,-2896.6060345740166,0.0,False,0
2026-03-05T16:00:00+00:00,SPX,2026-03-02,6823.58,RANGE,ABORTED,0.0,-2896.6060345740166,0.0,-2884.286034574013,0.0,-2884.286034574013,-2896.6060345740166,0.0,False,0
2026-03-05T16:30:00+00:00,SPX,2026-03-02,6815.87,RANGE,ABORTED,0.0,-2896.6060345740166,0.0,-2884.286034574013,0.0,-2884.286034574013,-2896.6060345740166,0.0,False,0
2026-03-05T17:00:00+00:00,SPX,2026-03-02,6837.51,RANGE,ABORTED,0.0,-2896.6060345740166,0.0,-2884.286034574013,0.0,-2884.286034574013,-2896.6060345740166,0.0,False,0
2026-03-05T17:30:00+00:00,SPX,2026-03-02,6786.66,RANGE,ABORTED,0.0,-2896.6060345740166,0.0,-2884.286034574013,0.0,-2884.286034574013,-2896.6060345740166,0.0,False,0
2026-03-05T18:00:00+00:00,SPX,2026-03-02,6784.78,RANGE,ABORTED,0.0,-2896.6060345740166,0.0,-2884.286034574013,0.0,-2884.286034574013,-2896.6060345740166,0.0,False,0
2026-03-05T18:30:00+00:00,SPX,2026-03-02,6777.71,RANGE,ABORTED,0.0,-2896.6060345740166,0.0,-2884.286034574013,0.0,-2884.286034574013,-2896.6060345740166,0.0,False,0
2026-03-05T19:00:00+00:00,SPX,2026-03-02,6781.57,RANGE,ABORTED,0.0,-2896.6060345740166,0.0,-2884.286034574013,0.0,-2884.286034574013,-2896.6060345740166,0.0,False,0
2026-03-05T19:30:00+00:00,SPX,2026-03-02,6774.41,RANGE,ABORTED,0.0,-2896.6060345740166,0.0,-2884.286034574013,0.0,-2884.286034574013,-2896.6060345740166,0.0,False,0
2026-03-05T20:00:00+00:00,SPX,2026-03-02,6793.31,RANGE,ABORTED,0.0,-2896.6060345740166,0.0,-2884.286034574013,0.0,-2884.286034574013,-2896.6060345740166,0.0,False,0
2026-03-05T20:30:00+00:00,SPX,2026-03-02,6814.04,RANGE,ABORTED,0.0,-2896.6060345740166,0.0,-2884.286034574013,0.0,-2884.286034574013,-2896.6060345740166,0.0,False,0
2026-03-05T21:00:00+00:00,SPX,2026-03-02,6829.91,RANGE,ABORTED,0.0,-2896.6060345740166,0.0,-2884.286034574013,0.0,-2884.286034574013,-2896.6060345740166,0.0,False,0
2026-03-06T14:30:00+00:00,SPX,2026-03-02,6736.85,RANGE,ABORTED,0.0,-2896.6060345740166,0.0,-2884.286034574013,0.0,-2884.286034574013,-2896.6060345740166,0.0,False,0
2026-03-06T15:00:00+00:00,SPX,2026-03-02,6739.53,RANGE,ABORTED,0.0,-2896.6060345740166,0.0,-2884.286034574013,0.0,-2884.286034574013,-2896.6060345740166,0.0,False,0
2026-03-06T15:30:00+00:00,SPX,2026-03-02,6762.21,RANGE,ABORTED,0.0,-2896.6060345740166,0.0,-2884.286034574013,0.0,-2884.286034574013,-2896.6060345740166,0.0,False,0
2026-03-06T16:00:00+00:00,SPX,2026-03-02,6772.11,RANGE,ABORTED,0.0,-2896.6060345740166,0.0,-2884.286034574013,0.0,-2884.286034574013,-2896.6060345740166,0.0,False,0
2026-03-06T16:30:00+00:00,SPX,2026-03-02,6750.36,RANGE,ABORTED,0.0,-2896.6060345740166,0.0,-2884.286034574013,0.0,-2884.286034574013,-2896.6060345740166,0.0,False,0
2026-03-06T17:00:00+00:00,SPX,2026-03-02,6766.93,RANGE,ABORTED,0.0,-2896.6060345740166,0.0,-2884.286034574013,0.0,-2884.286034574013,-2896.6060345740166,0.0,False,0
2026-03-06T17:30:00+00:00,SPX,2026-03-02,6754.28,RANGE,ABORTED,0.0,-2896.6060345740166,0.0,-2884.286034574013,0.0,-2884.286034574013,-2896.6060345740166,0.0,False,0
2026-03-06T18:00:00+00:00,SPX,2026-03-02,6748.5,RANGE,ABORTED,0.0,-2896.6060345740166,0.0,-2884.286034574013,0.0,-2884.286034574013,-2896.6060345740166,0.0,False,0
2026-03-06T18:30:00+00:00,SPX,2026-03-02,6762.98,RANGE,ABORTED,0.0,-2896.6060345740166,0.0,-2884.286034574013,0.0,-2884.286034574013,-2896.6060345740166,0.0,False,0
2026-03-06T19:00:00+00:00,SPX,2026-03-02,6752.58,RANGE,ABORTED,0.0,-2896.6060345740166,0.0,-2884.286034574013,0.0,-2884.286034574013,-2896.6060345740166,0.0,False,0
2026-03-06T19:30:00+00:00,SPX,2026-03-02,6763.68,RANGE,ABORTED,0.0,-2896.6060345740166,0.0,-2884.286034574013,0.0,-2884.286034574013,-2896.6060345740166,0.0,False,0
2026-03-06T20:00:00+00:00,SPX,2026-03-02,6770.09,RANGE,ABORTED,0.0,-2896.6060345740166,0.0,-2884.286034574013,0.0,-2884.286034574013,-2896.6060345740166,0.0,False,0
2026-03-06T20:30:00+00:00,SPX,2026-03-02,6732.47,RANGE,ABORTED,0.0,-2896.6060345740166,0.0,-2884.286034574013,0.0,-2884.286034574013,-2896.6060345740166,0.0,False,0
2026-03-06T21:00:00+00:00,SPX,2026-03-02,6738.15,TREND_DOWN,ABORTED,0.0,-2896.6060345740166,0.0,-2884.286034574013,0.0,-2884.286034574013,-2896.6060345740166,0.0,False,0
2026-03-09T13:30:00+00:00,SPX,2026-03-09,6675.17,TREND_DOWN,IDLE,0.0,-2896.6060345740166,0.0,-2884.286034574013,0.0,-2884.286034574013,-2896.6060345740166,0.0,False,0
2026-03-09T14:00:00+00:00,SPX,2026-03-09,6669.58,TREND_DOWN,IDLE,0.0,-2896.6060345740166,0.0,-2884.286034574013,0.0,-2884.286034574013,-2896.6060345740166,0.0,False,0
2026-03-09T14:30:00+00:00,SPX,2026-03-09,6661.83,TREND_DOWN,IDLE,0.0,-2896.6060345740166,0.0,-2884.286034574013,0.0,-2884.286034574013,-2896.6060345740166,0.0,False,0
2026-03-09T15:00:00+00:00,SPX,2026-03-09,6696.95,TREND_DOWN,IDLE,0.0,-2896.6060345740166,0.0,-2884.286034574013,0.0,-2884.286034574013,-2896.6060345740166,0.0,False,0
2026-03-09T15:30:00+00:00,SPX,2026-03-09,6701.02,TREND_DOWN,IDLE,0.0,-2896.6060345740166,0.0,-2884.286034574013,0.0,-2884.286034574013,-2896.6060345740166,0.0,False,0
2026-03-09T16:00:00+00:00,SPX,2026-03-09,6708.94,TREND_DOWN,IDLE,0.0,-2896.6060345740166,0.0,-2884.286034574013,0.0,-2884.286034574013,-2896.6060345740166,0.0,False,0
2026-03-09T16:30:00+00:00,SPX,2026-03-09,6720.05,TREND_DOWN,IDLE,0.0,-2896.6060345740166,0.0,-2884.286034574013,0.0,-2884.286034574013,-2896.6060345740166,0.0,False,0
2026-03-09T17:00:00+00:00,SPX,2026-03-09,6720.86,TREND_DOWN,IDLE,0.0,-2896.6060345740166,0.0,-2884.286034574013,0.0,-2884.286034574013,-2896.6060345740166,0.0,False,0
2026-03-09T17:30:00+00:00,SPX,2026-03-09,6700.55,RANGE,ACTIVE,-82.66800000000012,-2896.6060345740166,-82.668,-2884.286034574013,-82.5,-2966.786034574013,-2979.2740345740167,82.668,False,3
2026-03-09T18:00:00+00:00,SPX,2026-03-09,6702.77,RANGE,ADJUSTED,15.582811004444466,-2896.6060345740166,-67.08518899555553,-2884.286034574013,-66.86118899555552,-2951.1472235695683,-2963.6912235695722,110.224,True,4
2026-03-09T18:30:00+00:00,SPX,2026-03-09,6722.95,RANGE,ADJUSTED,-0.9990397606170518,-2896.6060345740166,-68.08422875617283,-2884.286034574013,-67.86022875617283,-2952.146263330186,-2964.6902633301893,110.224,True,4
2026-03-09T19:00:00+00:00,SPX,2026-03-09,6715.21,RANGE,ADJUSTED,0.6495121016046141,-2896.6060345740166,-67.43471665456791,-2884.286034574013,-67.2107166545679,-2951.4967512285807,-2964.0407512285847,110.224,True,4
2026-03-09T19:30:00+00:00,SPX,2026-03-09,6796.18,RANGE,ADJUSTED,-5.677529217283791,-2896.6060345740166,-73.11224587185188,-2884.286034574013,-72.88824587185186,-2957.1742804458645,-2969.7182804458685,110.224,True,4
2026-03-09T20:00:00+00:00,SPX,2026-03-09,6796.24,RANGE,ADJUSTED,0.060691533086355776,-2896.6060345740166,-73.05155433876541,-2884.286034574013,-72.82755433876541,-2957.113588912778,-2969.657588912782,110.224,True,4
2026-03-10T13:30:00+00:00,SPX,2026-03-09,6788.27,RANGE,ADJUSTED,2.982653187284086,-2896.6060345740166,-70.06890115148153,-2884.286034574013,-69.84490115148152,-2954.1309357254945,-2966.674935725498,110.224,True,4
2026-03-10T14:00:00+00:00,SPX,2026-03-09,6772.56,RANGE,ADJUSTED,1.4730205233331617,-2896.6060345740166,-68.59588062814818,-2884.286034574013,-68.37188062814818,-2952.657915202161,-2965.201915202165,110.224,True,4
2026-03-10T14:30:00+00:00,SPX,2026-03-09,6800.74,RANGE,ADJUSTED,-2.45596201753051,-2896.6060345740166,-71.05184264567899,-2884.286034574013,-70.82784264567898,-2955.113877219692,-2967.6578772196954,110.224,True,4
2026-03-10T15:00:00+00:00,SPX,2026-03-09,6826.04,RANGE,ADJUSTED,-2.2231249306173595,-2896.6060345740166,-73.2749675762963,-2884.286034574013,-73.0509675762963,-2957.337002150309,-2969.8810021503127,110.224,True,4
2026-03-10T15:30:00+00:00,SPX,2026-03-09,6817.0,RANGE,ADJUSTED,0.8716769219749949,-2896.6060345740166,-72.403290654321,-2884.286034574013,-72.179290654321,-2956.4653252283338,-2969.0093252283377,110.224,True,4
2026-03-10T16:00:00+00:00,SPX,2026-03-09,6817.87,RANGE,ADJUSTED,-0.024560300246776023,-2896.6060345740166,-72.42785095456789,-2884.286034574013,-72.20385095456788,-2956.4898855285805,-2969.0338855285845,110.224,True,4
2026-03-10T16:30:00+00:00,SPX,2026-03-09,6825.29,RANGE,ADJUSTED,-0.6267588487653484,-2896.6060345740166,-73.05460980333334,-2884.286034574013,-72.83060980333333,-2957.116644377346,-2969.66064437735,110.224,True,4
2026-03-10T17:00:00+00:00,SPX,2026-03-09,6830.5,RANGE,ADJUSTED,-34.80310113416681,-2896.6060345740166,-107.8577109375,-2884.286034574013,-107.6337109375,-2991.9197455115127,-3004.4637455115167,110.224,False,4
2026-03-10T17:30:00+00:00,SPX,2026-03-09,6832.55,RANGE,ADJUSTED,-0.1002632378472299,-2896.6060345740166,-107.95797417534723,-2884.286034574013,-107.73397417534723,-2992.02000874936,-3004.564008749364,110.224,False,4
2026-03-10T18:00:00+00:00,SPX,2026-03-09,6832.52,RANGE,ADJUSTED,-0.0008341579859916237,-2896.6060345740166,-107.95880833333337,-2884.286034574013,-107.73480833333335,-2992.020842907346,-3004.56484290735,110.224,False,4
2026-03-10T18:30:00+00:00,SPX,2026-03-09,6808.82,RANGE,ADJUSTED,36.65176396024708,-2896.6060345740166,-71.3070443730864,-2884.286034574013,-71.0830443730864,-2955.3690789470993,-2967.913078947103,110.224,True,4
2026-03-10T19:00:00+00:00,SPX,2026-03-09,6797.78,RANGE,ADJUSTED,1.0992580269135033,-2896.6060345740166,-70.20778634617282,-2884.286034574013,-69.98378634617282,-2954.269820920186,-2966.8138209201893,110.224,True,4
2026-03-10T19:30:00+00:00,SPX,2026-03-09,6782.49,RANGE,ADJUSTED,1.5125618295060121,-2896.6060345740166,-68.69522451666666,-2884.286034574013,-68.47122451666664,-2952.7572590906793,-2965.3012590906833,110.224,True,4
2026-03-10T20:00:00+00:00,SPX,2026-03-09,6781.31,RANGE,ADJUSTED,0.18400308802483778,-2896.6060345740166,-68.51122142864202,-2884.286034574013,-68.28722142864201,-2952.573256002655,-2965.1172560026585,110.224,True,4
2026-03-11T13:30:00+00:00,SPX,2026-03-09,6790.14,RANGE,ADJUSTED,1.537165848641962,-2896.6060345740166,-66.97405558000004,-2884.286034574013,-66.75005558000004,-2951.036090154013,-2963.5800901540165,110.224,True,4
2026-03-11T14:00:00+00:00,SPX,2026-03-09,6795.86,RANGE,ADJUSTED,-0.5766910056790948,-2896.6060345740166,-67.55074658567898,-2884.286034574013,-67.32674658567898,-2951.6127811596916,-2964.1567811596956,110.224,True,4
2026-03-11T14:30:00+00:00,SPX,2026-03-09,6765.77,RANGE,ADJUSTED,3.470847446543303,-2896.6060345740166,-64.07989913913586,-2884.286034574013,-63.85589913913585,-2948.141933713149,-2960.6859337131523,110.224,True,4
2026-03-11T15:00:00+00:00,SPX,2026-03-09,6789.2,RANGE,ADJUSTED,-2.5834900164200008,-2896.6060345740166,-66.66338915555554,-2884.286034574013,-66.43938915555553,-2950.7254237295683,-2963.2694237295723,110.224,True,4
2026-03-11T15:30:00+00:00,SPX,2026-03-09,6760.83,RANGE,ADJUSTED,3.306969620370637,-2896.6060345740166,-63.35641953518518,-2884.286034574013,-63.13241953518518,-2947.418454109198,-2959.9624541092016,110.224,True,4
2026-03-11T16:00:00+00:00,SPX,2026-03-09,6747.87,TREND_DOWN,ABORTED,1.5119196581481447,-2958.4505344510535,0.0,-2945.85053445105,0.0,-2945.85053445105,-2958.4505344510535,0.0,False,0
2026-03-11T16:30:00+00:00,SPX,2026-03-09,6769.8,RANGE,ABORTED,0.0,-2958.4505344510535,0.0,-2945.85053445105,0.0,-2945.85053445105,-2958.4505344510535,0.0,False,0
2026-03-11T17:00:00+00:00,SPX,2026-03-09,6773.3,RANGE,ABORTED,0.0,-2958.4505344510535,0.0,-2945.85053445105,0.0,-2945.85053445105,-2958.4505344510535,0.0,False,0
2026-03-11T17:30:00+00:00,SPX,2026-03-09,6773.12,RANGE,ABORTED,0.0,-2958.4505344510535,0.0,-2945.85053445105,0.0,-2945.85053445105,-2958.4505344510535,0.0,False,0
2026-03-11T18:00:00+00:00,SPX,2026-03-09,6761.52,RANGE,ABORTED,0.0,-2958.4505344510535,0.0,-2945.85053445105,0.0,-2945.85053445105,-2958.4505344510535,0.0,False,0
2026-03-11T18:30:00+00:00,SPX,2026-03-09,6766.7,RANGE,ABORTED,0.0,-2958.4505344510535,0.0,-2945.85053445105,0.0,-2945.85053445105,-2958.4505344510535,0.0,False,0
2026-03-11T19:00:00+00:00,SPX,2026-03-09,6760.79,RANGE,ABORTED,0.0,-2958.4505344510535,0.0,-2945.85053445105,0.0,-2945.85053445105,-2958.4505344510535,0.0,False,0
2026-03-11T19:30:00+00:00,SPX,2026-03-09,6768.31,RANGE,ABORTED,0.0,-2958.4505344510535,0.0,-2945.85053445105,0.0,-2945.85053445105,-2958.4505344510535,0.0,False,0
2026-03-11T20:00:00+00:00,SPX,2026-03-09,6774.76,RANGE,ABORTED,0.0,-2958.4505344510535,0.0,-2945.85053445105,0.0,-2945.85053445105,-2958.4505344510535,0.0,False,0
2026-03-12T13:30:00+00:00,SPX,2026-03-09,6721.61,RANGE,ABORTED,0.0,-2958.4505344510535,0.0,-2945.85053445105,0.0,-2945.85053445105,-2958.4505344510535,0.0,False,0
2026-03-12T14:00:00+00:00,SPX,2026-03-09,6713.91,RANGE,ABORTED,0.0,-2958.4505344510535,0.0,-2945.85053445105,0.0,-2945.85053445105,-2958.4505344510535,0.0,False,0
2026-03-12T14:30:00+00:00,SPX,2026-03-09,6690.06,RANGE,ABORTED,0.0,-2958.4505344510535,0.0,-2945.85053445105,0.0,-2945.85053445105,-2958.4505344510535,0.0,False,0
2026-03-12T15:00:00+00:00,SPX,2026-03-09,6692.97,RANGE,ABORTED,0.0,-2958.4505344510535,0.0,-2945.85053445105,0.0,-2945.85053445105,-2958.4505344510535,0.0,False,0
2026-03-12T15:30:00+00:00,SPX,2026-03-09,6689.5,RANGE,ABORTED,0.0,-2958.4505344510535,0.0,-2945.85053445105,0.0,-2945.85053445105,-2958.4505344510535,0.0,False,0
2026-03-12T16:00:00+00:00,SPX,2026-03-09,6710.65,RANGE,ABORTED,0.0,-2958.4505344510535,0.0,-2945.85053445105,0.0,-2945.85053445105,-2958.4505344510535,0.0,False,0
2026-03-12T16:30:00+00:00,SPX,2026-03-09,6704.04,RANGE,ABORTED,0.0,-2958.4505344510535,0.0,-2945.85053445105,0.0,-2945.85053445105,-2958.4505344510535,0.0,False,0
2026-03-12T17:00:00+00:00,SPX,2026-03-09,6707.65,RANGE,ABORTED,0.0,-2958.4505344510535,0.0,-2945.85053445105,0.0,-2945.85053445105,-2958.4505344510535,0.0,False,0
2026-03-12T17:30:00+00:00,SPX,2026-03-09,6698.94,RANGE,ABORTED,0.0,-2958.4505344510535,0.0,-2945.85053445105,0.0,-2945.85053445105,-2958.4505344510535,0.0,False,0
2026-03-12T18:00:00+00:00,SPX,2026-03-09,6696.51,RANGE,ABORTED,0.0,-2958.4505344510535,0.0,-2945.85053445105,0.0,-2945.85053445105,-2958.4505344510535,0.0,False,0
2026-03-12T18:30:00+00:00,SPX,2026-03-09,6689.4,RANGE,ABORTED,0.0,-2958.4505344510535,0.0,-2945.85053445105,0.0,-2945.85053445105,-2958.4505344510535,0.0,False,0
2026-03-12T19:00:00+00:00,SPX,2026-03-09,6684.06,RANGE,ABORTED,0.0,-2958.4505344510535,0.0,-2945.85053445105,0.0,-2945.85053445105,-2958.4505344510535,0.0,False,0
2026-03-12T19:30:00+00:00,SPX,2026-03-09,6693.52,RANGE,ABORTED,0.0,-2958.4505344510535,0.0,-2945.85053445105,0.0,-2945.85053445105,-2958.4505344510535,0.0,False,0
2026-03-12T20:00:00+00:00,SPX,2026-03-09,6671.81,RANGE,ABORTED,0.0,-2958.4505344510535,0.0,-2945.85053445105,0.0,-2945.85053445105,-2958.4505344510535,0.0,False,0
2026-03-13T13:30:00+00:00,SPX,2026-03-09,6707.44,RANGE,ABORTED,0.0,-2958.4505344510535,0.0,-2945.85053445105,0.0,-2945.85053445105,-2958.4505344510535,0.0,False,0
2026-03-13T14:00:00+00:00,SPX,2026-03-09,6711.18,RANGE,ABORTED,0.0,-2958.4505344510535,0.0,-2945.85053445105,0.0,-2945.85053445105,-2958.4505344510535,0.0,False,0
2026-03-13T14:30:00+00:00,SPX,2026-03-09,6705.23,RANGE,ABORTED,0.0,-2958.4505344510535,0.0,-2945.85053445105,0.0,-2945.85053445105,-2958.4505344510535,0.0,False,0
2026-03-13T15:00:00+00:00,SPX,2026-03-09,6660.35,RANGE,ABORTED,0.0,-2958.4505344510535,0.0,-2945.85053445105,0.0,-2945.85053445105,-2958.4505344510535,0.0,False,0
2026-03-13T15:30:00+00:00,SPX,2026-03-09,6660.8,RANGE,ABORTED,0.0,-2958.4505344510535,0.0,-2945.85053445105,0.0,-2945.85053445105,-2958.4505344510535,0.0,False,0
2026-03-13T16:00:00+00:00,SPX,2026-03-09,6649.45,RANGE,ABORTED,0.0,-2958.4505344510535,0.0,-2945.85053445105,0.0,-2945.85053445105,-2958.4505344510535,0.0,False,0
2026-03-13T16:30:00+00:00,SPX,2026-03-09,6650.98,RANGE,ABORTED,0.0,-2958.4505344510535,0.0,-2945.85053445105,0.0,-2945.85053445105,-2958.4505344510535,0.0,False,0
2026-03-13T17:00:00+00:00,SPX,2026-03-09,6644.53,RANGE,ABORTED,0.0,-2958.4505344510535,0.0,-2945.85053445105,0.0,-2945.85053445105,-2958.4505344510535,0.0,False,0
2026-03-13T17:30:00+00:00,SPX,2026-03-09,6650.06,RANGE,ABORTED,0.0,-2958.4505344510535,0.0,-2945.85053445105,0.0,-2945.85053445105,-2958.4505344510535,0.0,False,0
2026-03-13T18:00:00+00:00,SPX,2026-03-09,6641.32,RANGE,ABORTED,0.0,-2958.4505344510535,0.0,-2945.85053445105,0.0,-2945.85053445105,-2958.4505344510535,0.0,False,0
2026-03-13T18:30:00+00:00,SPX,2026-03-09,6649.88,RANGE,ABORTED,0.0,-2958.4505344510535,0.0,-2945.85053445105,0.0,-2945.85053445105,-2958.4505344510535,0.0,False,0
2026-03-13T19:00:00+00:00,SPX,2026-03-09,6646.52,RANGE,ABORTED,0.0,-2958.4505344510535,0.0,-2945.85053445105,0.0,-2945.85053445105,-2958.4505344510535,0.0,False,0
2026-03-13T19:30:00+00:00,SPX,2026-03-09,6634.98,RANGE,ABORTED,0.0,-2958.4505344510535,0.0,-2945.85053445105,0.0,-2945.85053445105,-2958.4505344510535,0.0,False,0
2026-03-13T20:00:00+00:00,SPX,2026-03-09,6631.88,RANGE,ABORTED,0.0,-2958.4505344510535,0.0,-2945.85053445105,0.0,-2945.85053445105,-2958.4505344510535,0.0,False,0
2026-03-16T13:30:00+00:00,SPX,2026-03-16,6694.86,RANGE,IDLE,0.0,-2958.4505344510535,0.0,-2945.85053445105,0.0,-2945.85053445105,-2958.4505344510535,0.0,False,0
2026-03-16T14:00:00+00:00,SPX,2026-03-16,6711.6,RANGE,ACTIVE,-82.66800000000012,-2958.4505344510535,-82.668,-2945.85053445105,-82.5,-3028.35053445105,-3041.1185344510536,82.668,False,3
2026-03-16T14:30:00+00:00,SPX,2026-03-16,6699.85,RANGE,ADJUSTED,15.728307466666593,-2958.4505344510535,-66.93969253333331,-2945.85053445105,-66.71569253333331,-3012.5662269843833,-3025.390226984387,110.224,True,4
2026-03-16T15:00:00+00:00,SPX,2026-03-16,6700.28,RANGE,ADJUSTED,0.10006767901268177,-2958.4505344510535,-66.83962485432097,-2945.85053445105,-66.61562485432097,-3012.466159305371,-3025.2901593053743,110.224,True,4
2026-03-16T15:30:00+00:00,SPX,2026-03-16,6713.66,RANGE,ADJUSTED,-0.8397718483952303,-2958.4505344510535,-67.67939670271605,-2945.85053445105,-67.45539670271603,-3013.305931153766,-3026.1299311537696,110.224,True,4
2026-03-16T16:00:00+00:00,SPX,2026-03-16,6692.41,RANGE,ADJUSTED,0.5361053038272985,-2958.4505344510535,-67.1432913988889,-2945.85053445105,-66.9192913988889,-3012.769825849939,-3025.5938258499423,110.224,True,4
2026-03-16T16:30:00+00:00,SPX,2026-03-16,6684.87,RANGE,ADJUSTED,-0.43646509839527425,-2958.4505344510535,-67.57975649728397,-2945.85053445105,-67.35575649728395,-3013.206290948334,-3026.0302909483376,110.224,True,4
2026-03-16T17:00:00+00:00,SPX,2026-03-16,6696.47,RANGE,ADJUSTED,0.9415445640743201,-2958.4505344510535,-66.63821193320986,-2945.85053445105,-66.41421193320986,-3012.26474638426,-3025.0887463842632,110.224,True,4
2026-03-16T17:30:00+00:00,SPX,2026-03-16,6700.3,RANGE,ADJUSTED,0.3429358220987524,-2958.4505344510535,-66.29527611111112,-2945.85053445105,-66.07127611111112,-3011.921810562161,-3024.7458105621645,110.224,True,4
2026-03-16T18:00:00+00:00,SPX,2026-03-16,6700.74,RANGE,ADJUSTED,0.07687723728395213,-2958.4505344510535,-66.21839887382716,-2945.85053445105,-65.99439887382715,-3011.8449333248773,-3024.6689333248805,110.224,True,4
2026-03-16T18:30:00+00:00,SPX,2026-03-16,6708.29,RANGE,ADJUSTED,-0.4485266540741577,-2958.4505344510535,-66.66692552790124,-2945.85053445105,-66.44292552790122,-3012.293459978951,-3025.1174599789547,110.224,True,4
2026-03-16T19:00:00+00:00,SPX,2026-03-16,6704.77,RANGE,ADJUSTED,0.3668840579011885,-2958.4505344510535,-66.30004147000004,-2945.85053445105,-66.07604147000004,-3011.92657592105,-3024.7505759210535,110.224,True,4
2026-03-16T19:30:00+00:00,SPX,2026-03-16,6699.93,RANGE,ADJUSTED,0.45857714086423584,-2958.4505344510535,-65.84146432913579,-2945.85053445105,-65.61746432913577,-3011.4679987801856,-3024.2919987801893,110.224,True,4
2026-03-16T20:00:00+00:00,SPX,2026-03-16,6699.85,RANGE,ADJUSTED,0.10323972728383524,-2958.4505344510535,-65.73822460185183,-2945.85053445105,-65.51422460185182,-3011.3647590529017,-3024.1887590529054,110.224,True,4
2026-03-17T13:30:00+00:00,SPX,2026-03-16,6743.74,RANGE,ADJUSTED,-0.20030537592583642,-2958.4505344510535,-65.93852997777776,-2945.85053445105,-65.71452997777776,-3011.5650644288276,-3024.3890644288313,110.224,True,4
2026-03-17T14:00:00+00:00,SPX,2026-03-16,6741.79,RANGE,ADJUSTED,0.2689731774075881,-2958.4505344510535,-65.66955680037037,-2945.85053445105,-65.44555680037037,-3011.2960912514204,-3024.1200912514237,110.224,True,4
2026-03-17T14:30:00+00:00,SPX,2026-03-16,6738.84,RANGE,ADJUSTED,0.3641346255553799,-2958.4505344510535,-65.30542217481484,-2945.85053445105,-65.08142217481483,-3010.9319566258646,-3023.7559566258683,110.224,True,4
2026-03-17T15:00:00+00:00,SPX,2026-03-16,6734.49,RANGE,ADJUSTED,0.49825446135810125,-2958.4505344510535,-64.80716771345678,-2945.85053445105,-64.58316771345677,-3010.433702164507,-3023.25770216451,110.224,True,4
2026-03-17T15:30:00+00:00,SPX,2026-03-16,6721.87,RANGE,ADJUSTED,1.2818329645679114,-2958.4505344510535,-63.52533474888888,-2945.85053445105,-63.30133474888888,-3009.151869199939,-3021.9758691999423,110.224,True,4
2026-03-17T16:00:00+00:00,SPX,2026-03-16,6715.89,RANGE,ADJUSTED,0.6651246025926412,-2958.4505344510535,-62.860210146296325,-2945.85053445105,-62.63621014629632,-3008.4867445973464,-3021.3107445973496,110.224,True,4
2026-03-17T16:30:00+00:00,SPX,2026-03-16,6720.45,RANGE,ADJUSTED,-0.33257930308673167,-2958.4505344510535,-63.1927894493827,-2945.85053445105,-62.9687894493827,-3008.8193239004327,-3021.6433239004364,110.224,True,4
2026-03-17T17:00:00+00:00,SPX,2026-03-16,6727.88,RANGE,ADJUSTED,-0.6116564014814685,-2958.4505344510535,-63.80444585086421,-2945.85053445105,-63.58044585086421,-3009.430980301914,-3022.254980301918,110.224,True,4
2026-03-17T17:30:00+00:00,SPX,2026-03-16,6723.99,RANGE,ADJUSTED,0.46990033308657075,-2958.4505344510535,-63.334545517777755,-2945.85053445105,-63.11054551777775,-3008.9610799688276,-3021.7850799688313,110.224,True,4
2026-03-17T18:00:00+00:00,SPX,2026-03-16,6728.68,RANGE,ADJUSTED,-0.3557260259258328,-2958.4505344510535,-63.69027154370373,-2945.85053445105,-63.466271543703726,-3009.316805994754,-3022.140805994757,110.224,True,4
2026-03-17T18:30:00+00:00,SPX,2026-03-16,6720.48,RANGE,ADJUSTED,0.8920207782716716,-2958.4505344510535,-62.79825076543206,-2945.85053445105,-62.574250765432055,-3008.424785216482,-3021.2487852164854,110.224,True,4
2026-03-17T19:00:00+00:00,SPX,2026-03-16,6719.51,RANGE,ADJUSTED,0.19405843246886434,-2958.4505344510535,-62.60419233296298,-2945.85053445105,-62.38019233296298,-3008.230726784013,-3021.0547267840166,110.224,True,4
2026-03-17T19:30:00+00:00,SPX,2026-03-16,6718.93,RANGE,ADJUSTED,0.156732216666569,-2958.4505344510535,-62.44746011629633,-2945.85053445105,-62.22346011629632,-3008.0739945673463,-3020.89799456735,110.224,True,4
2026-03-17T20:00:00+00:00,SPX,2026-03-16,6717.19,RANGE,ADJUSTED,0.2716837485186261,-2958.4505344510535,-62.17577636777774,-2945.85053445105,-61.95177636777774,-3007.8023108188277,-3020.6263108188314,110.224,True,4
2026-03-18T13:30:00+00:00,SPX,2026-03-16,6696.89,RANGE,ADJUSTED,5.160961399135886,-2958.4505344510535,-57.01481496864194,-2945.85053445105,-56.79081496864193,-3002.641349419692,-3015.4653494196955,110.224,True,4
2026-03-18T14:00:00+00:00,SPX,2026-03-16,6694.28,RANGE,ADJUSTED,-0.19522912716047358,-2958.4505344510535,-57.2100440958025,-2945.85053445105,-56.98604409580249,-3002.8365785468523,-3015.660578546856,110.224,True,4
2026-03-18T14:30:00+00:00,SPX,2026-03-16,6671.32,RANGE,ADJUSTED,-2.5702431930862986,-2958.4505344510535,-59.78028728888893,-2945.85053445105,-59.55628728888892,-3005.406821739939,-3018.2308217399423,110.224,True,4
2026-03-18T15:00:00+00:00,SPX,2026-03-16,6680.5,RANGE,ADJUSTED,1.1700631962962689,-2958.4505344510535,-58.6102240925926,-2945.85053445105,-58.38622409259259,-3004.2367585436427,-3017.060758543646,110.224,True,4
2026-03-18T15:30:00+00:00,SPX,2026-03-16,6683.03,RANGE,ADJUSTED,0.397239539752718,-2958.4505344510535,-58.21298455283954,-2945.85053445105,-57.98898455283953,-3003.8395190038896,-3016.6635190038933,110.224,True,4
2026-03-18T16:00:00+00:00,SPX,2026-03-16,6677.57,RANGE,ADJUSTED,-0.543450077160287,-2958.4505344510535,-58.75643463000003,-2945.85053445105,-58.532434630000026,-3004.38296908105,-3017.2069690810536,110.224,True,4
2026-03-18T16:30:00+00:00,SPX,2026-03-16,6672.62,RANGE,ADJUSTED,-0.48830598530867064,-2958.4505344510535,-59.24474061530866,-2945.85053445105,-59.020740615308654,-3004.8712750663585,-3017.6952750663622,110.224,True,4
2026-03-18T17:00:00+00:00,SPX,2026-03-16,6671.85,RANGE,ADJUSTED,0.004357315925972216,-2958.4505344510535,-59.24038329938267,-2945.85053445105,-59.01638329938267,-3004.8669177504325,-3017.6909177504363,110.224,True,4
2026-03-18T17:30:00+00:00,SPX,2026-03-16,6668.99,RANGE,ADJUSTED,-0.24614220209878113,-2958.4505344510535,-59.48652550148151,-2945.85053445105,-59.262525501481505,-3005.1130599525313,-3017.937059952535,110.224,True,4
2026-03-18T18:00:00+00:00,SPX,2026-03-16,6680.27,RANGE,ADJUSTED,1.4476538524691023,-2958.4505344510535,-58.03887164901229,-2945.85053445105,-57.81487164901229,-3003.6654061000622,-3016.489406100066,110.224,True,4
2026-03-18T18:30:00+00:00,SPX,2026-03-16,6656.3,RANGE,ADJUSTED,-2.7879486867900596,-2958.4505344510535,-60.82682033580245,-2945.85053445105,-60.60282033580245,-3006.4533547868523,-3019.277354786856,110.224,True,4
2026-03-18T19:00:00+00:00,SPX,2026-03-16,6652.78,RANGE,ADJUSTED,-0.33769441308641035,-2958.4505344510535,-61.16451474888892,-2945.85053445105,-60.940514748888916,-3006.7910491999387,-3019.6150491999424,110.224,True,4
2026-03-18T19:30:00+00:00,SPX,2026-03-16,6639.85,RANGE,ADJUSTED,-1.4838773807405232,-2958.4505344510535,-62.648392129629585,-2945.85053445105,-62.42439212962958,-3008.2749265806797,-3021.098926580683,110.224,True,4
2026-03-18T20:00:00+00:00,SPX,2026-03-16,6624.38,RANGE,ADJUSTED,-1.8061341683951468,-2958.4505344510535,-64.45452629802469,-2945.85053445105,-64.23052629802467,-3010.081060749075,-3022.905060749078,110.224,True,4
2026-03-19T13:30:00+00:00,SPX,2026-03-16,6567.98,TREND_DOWN,ABORTED,-43.96785720892012,-3066.872917957998,0.0,-3053.9929179579945,0.0,-3053.9929179579945,-3066.872917957998,0.0,False,0
2026-03-19T14:00:00+00:00,SPX,2026-03-16,6590.82,RANGE,ABORTED,0.0,-3066.872917957998,0.0,-3053.9929179579945,0.0,-3053.9929179579945,-3066.872917957998,0.0,False,0
2026-03-19T14:30:00+00:00,SPX,2026-03-16,6592.78,RANGE,ABORTED,0.0,-3066.872917957998,0.0,-3053.9929179579945,0.0,-3053.9929179579945,-3066.872917957998,0.0,False,0
2026-03-19T15:00:00+00:00,SPX,2026-03-16,6593.16,RANGE,ABORTED,0.0,-3066.872917957998,0.0,-3053.9929179579945,0.0,-3053.9929179579945,-3066.872917957998,0.0,False,0
2026-03-19T15:30:00+00:00,SPX,2026-03-16,6576.28,RANGE,ABORTED,0.0,-3066.872917957998,0.0,-3053.9929179579945,0.0,-3053.9929179579945,-3066.872917957998,0.0,False,0
2026-03-19T16:00:00+00:00,SPX,2026-03-16,6591.67,RANGE,ABORTED,0.0,-3066.872917957998,0.0,-3053.9929179579945,0.0,-3053.9929179579945,-3066.872917957998,0.0,False,0
2026-03-19T16:30:00+00:00,SPX,2026-03-16,6587.09,RANGE,ABORTED,0.0,-3066.872917957998,0.0,-3053.9929179579945,0.0,-3053.9929179579945,-3066.872917957998,0.0,False,0
2026-03-19T17:00:00+00:00,SPX,2026-03-16,6574.01,RANGE,ABORTED,0.0,-3066.872917957998,0.0,-3053.9929179579945,0.0,-3053.9929179579945,-3066.872917957998,0.0,False,0
2026-03-19T17:30:00+00:00,SPX,2026-03-16,6576.52,RANGE,ABORTED,0.0,-3066.872917957998,0.0,-3053.9929179579945,0.0,-3053.9929179579945,-3066.872917957998,0.0,False,0
2026-03-19T18:00:00+00:00,SPX,2026-03-16,6575.76,TREND_DOWN,ABORTED,0.0,-3066.872917957998,0.0,-3053.9929179579945,0.0,-3053.9929179579945,-3066.872917957998,0.0,False,0
2026-03-19T18:30:00+00:00,SPX,2026-03-16,6579.25,RANGE,ABORTED,0.0,-3066.872917957998,0.0,-3053.9929179579945,0.0,-3053.9929179579945,-3066.872917957998,0.0,False,0
2026-03-19T19:00:00+00:00,SPX,2026-03-16,6611.94,RANGE,ABORTED,0.0,-3066.872917957998,0.0,-3053.9929179579945,0.0,-3053.9929179579945,-3066.872917957998,0.0,False,0
2026-03-19T19:30:00+00:00,SPX,2026-03-16,6608.48,RANGE,ABORTED,0.0,-3066.872917957998,0.0,-3053.9929179579945,0.0,-3053.9929179579945,-3066.872917957998,0.0,False,0
2026-03-19T20:00:00+00:00,SPX,2026-03-16,6606.2,RANGE,ABORTED,0.0,-3066.872917957998,0.0,-3053.9929179579945,0.0,-3053.9929179579945,-3066.872917957998,0.0,False,0
2026-03-20T13:30:00+00:00,SPX,2026-03-16,6578.36,RANGE,ABORTED,0.0,-3066.872917957998,0.0,-3053.9929179579945,0.0,-3053.9929179579945,-3066.872917957998,0.0,False,0
2026-03-20T14:00:00+00:00,SPX,2026-03-16,6557.56,RANGE,ABORTED,0.0,-3066.872917957998,0.0,-3053.9929179579945,0.0,-3053.9929179579945,-3066.872917957998,0.0,False,0
2026-03-20T14:30:00+00:00,SPX,2026-03-16,6558.16,RANGE,ABORTED,0.0,-3066.872917957998,0.0,-3053.9929179579945,0.0,-3053.9929179579945,-3066.872917957998,0.0,False,0
2026-03-20T15:00:00+00:00,SPX,2026-03-16,6546.3,RANGE,ABORTED,0.0,-3066.872917957998,0.0,-3053.9929179579945,0.0,-3053.9929179579945,-3066.872917957998,0.0,False,0
2026-03-20T15:30:00+00:00,SPX,2026-03-16,6551.62,RANGE,ABORTED,0.0,-3066.872917957998,0.0,-3053.9929179579945,0.0,-3053.9929179579945,-3066.872917957998,0.0,False,0
2026-03-20T16:00:00+00:00,SPX,2026-03-16,6562.7,RANGE,ABORTED,0.0,-3066.872917957998,0.0,-3053.9929179579945,0.0,-3053.9929179579945,-3066.872917957998,0.0,False,0
2026-03-20T16:30:00+00:00,SPX,2026-03-16,6552.2,RANGE,ABORTED,0.0,-3066.872917957998,0.0,-3053.9929179579945,0.0,-3053.9929179579945,-3066.872917957998,0.0,False,0
2026-03-20T17:00:00+00:00,SPX,2026-03-16,6557.51,RANGE,ABORTED,0.0,-3066.872917957998,0.0,-3053.9929179579945,0.0,-3053.9929179579945,-3066.872917957998,0.0,False,0
2026-03-20T17:30:00+00:00,SPX,2026-03-16,6540.59,TREND_DOWN,ABORTED,0.0,-3066.872917957998,0.0,-3053.9929179579945,0.0,-3053.9929179579945,-3066.872917957998,0.0,False,0
2026-03-20T18:00:00+00:00,SPX,2026-03-16,6534.32,TREND_DOWN,ABORTED,0.0,-3066.872917957998,0.0,-3053.9929179579945,0.0,-3053.9929179579945,-3066.872917957998,0.0,False,0
2026-03-20T18:30:00+00:00,SPX,2026-03-16,6515.76,TREND_DOWN,ABORTED,0.0,-3066.872917957998,0.0,-3053.9929179579945,0.0,-3053.9929179579945,-3066.872917957998,0.0,False,0
2026-03-20T19:00:00+00:00,SPX,2026-03-16,6506.98,TREND_DOWN,ABORTED,0.0,-3066.872917957998,0.0,-3053.9929179579945,0.0,-3053.9929179579945,-3066.872917957998,0.0,False,0
2026-03-20T19:30:00+00:00,SPX,2026-03-16,6487.46,TREND_DOWN,ABORTED,0.0,-3066.872917957998,0.0,-3053.9929179579945,0.0,-3053.9929179579945,-3066.872917957998,0.0,False,0
2026-03-20T20:00:00+00:00,SPX,2026-03-16,6508.32,TREND_DOWN,ABORTED,0.0,-3066.872917957998,0.0,-3053.9929179579945,0.0,-3053.9929179579945,-3066.872917957998,0.0,False,0
2026-03-23T13:30:00+00:00,SPX,2026-03-23,6592.17,RANGE,IDLE,0.0,-3066.872917957998,0.0,-3053.9929179579945,0.0,-3053.9929179579945,-3066.872917957998,0.0,False,0
2026-03-23T14:00:00+00:00,SPX,2026-03-23,6618.61,RANGE,ACTIVE,-82.66800000000012,-3066.872917957998,-82.668,-3053.9929179579945,-82.5,-3136.4929179579945,-3149.5409179579983,82.668,False,3
2026-03-23T14:30:00+00:00,SPX,2026-03-23,6634.19,RANGE,ADJUSTED,15.682140320000144,-3066.872917957998,-66.98585968000003,-3053.9929179579945,-66.76185968000003,-3120.7547776379943,-3133.858777637998,110.224,True,4
2026-03-23T15:00:00+00:00,SPX,2026-03-23,6650.0,RANGE,ADJUSTED,-0.8905829125924356,-3066.872917957998,-67.8764425925926,-3053.9929179579945,-67.65244259259259,-3121.645360550587,-3134.7493605505906,110.224,True,4
2026-03-23T15:30:00+00:00,SPX,2026-03-23,6632.35,RANGE,ADJUSTED,0.9778943913579496,-3066.872917957998,-66.89854820123455,-3053.9929179579945,-66.67454820123453,-3120.6674661592288,-3133.7714661592327,110.224,True,4
2026-03-23T16:00:00+00:00,SPX,2026-03-23,6590.52,RANGE,ADJUSTED,-2.8789665558024353,-3066.872917957998,-69.77751475703701,-3053.9929179579945,-69.55351475703701,-3123.5464327150316,-3136.650432715035,110.224,True,4
2026-03-23T16:30:00+00:00,SPX,2026-03-23,6580.52,RANGE,ADJUSTED,-0.631242463703984,-3066.872917957998,-70.40875722074071,-3053.9929179579945,-70.1847572207407,-3124.177675178735,-3137.281675178739,110.224,True,4
2026-03-23T17:00:00+00:00,SPX,2026-03-23,6576.69,RANGE,ADJUSTED,-0.19437903765401643,-3066.872917957998,-70.6031362583951,-3053.9929179579945,-70.37913625839509,-3124.3720542163896,-3137.476054216393,110.224,True,4
2026-03-23T17:30:00+00:00,SPX,2026-03-23,6596.88,TREND_DOWN,ABORTED,1.4961128509871742,-3135.979941365406,0.0,-3122.819941365402,0.0,-3122.819941365402,-3135.979941365406,0.0,False,0
2026-03-23T18:00:00+00:00,SPX,2026-03-23,6607.13,TREND_DOWN,ABORTED,0.0,-3135.979941365406,0.0,-3122.819941365402,0.0,-3122.819941365402,-3135.979941365406,0.0,False,0
2026-03-23T18:30:00+00:00,SPX,2026-03-23,6614.37,RANGE,ABORTED,0.0,-3135.979941365406,0.0,-3122.819941365402,0.0,-3122.819941365402,-3135.979941365406,0.0,False,0
2026-03-23T19:00:00+00:00,SPX,2026-03-23,6611.85,RANGE,ABORTED,0.0,-3135.979941365406,0.0,-3122.819941365402,0.0,-3122.819941365402,-3135.979941365406,0.0,False,0
2026-03-23T19:30:00+00:00,SPX,2026-03-23,6599.13,RANGE,ABORTED,0.0,-3135.979941365406,0.0,-3122.819941365402,0.0,-3122.819941365402,-3135.979941365406,0.0,False,0
2026-03-23T20:00:00+00:00,SPX,2026-03-23,6581.76,TREND_DOWN,ABORTED,0.0,-3135.979941365406,0.0,-3122.819941365402,0.0,-3122.819941365402,-3135.979941365406,0.0,False,0
2026-03-24T13:30:00+00:00,SPX,2026-03-23,6553.24,TREND_DOWN,ABORTED,0.0,-3135.979941365406,0.0,-3122.819941365402,0.0,-3122.819941365402,-3135.979941365406,0.0,False,0
2026-03-24T14:00:00+00:00,SPX,2026-03-23,6548.5,TREND_DOWN,ABORTED,0.0,-3135.979941365406,0.0,-3122.819941365402,0.0,-3122.819941365402,-3135.979941365406,0.0,False,0
2026-03-24T14:30:00+00:00,SPX,2026-03-23,6558.79,TREND_DOWN,ABORTED,0.0,-3135.979941365406,0.0,-3122.819941365402,0.0,-3122.819941365402,-3135.979941365406,0.0,False,0
2026-03-24T15:00:00+00:00,SPX,2026-03-23,6575.52,TREND_DOWN,ABORTED,0.0,-3135.979941365406,0.0,-3122.819941365402,0.0,-3122.819941365402,-3135.979941365406,0.0,False,0
2026-03-24T15:30:00+00:00,SPX,2026-03-23,6583.63,TREND_DOWN,ABORTED,0.0,-3135.979941365406,0.0,-3122.819941365402,0.0,-3122.819941365402,-3135.979941365406,0.0,False,0
2026-03-24T16:00:00+00:00,SPX,2026-03-23,6572.53,TREND_DOWN,ABORTED,0.0,-3135.979941365406,0.0,-3122.819941365402,0.0,-3122.819941365402,-3135.979941365406,0.0,False,0
2026-03-24T16:30:00+00:00,SPX,2026-03-23,6581.08,TREND_DOWN,ABORTED,0.0,-3135.979941365406,0.0,-3122.819941365402,0.0,-3122.819941365402,-3135.979941365406,0.0,False,0
2026-03-24T17:00:00+00:00,SPX,2026-03-23,6562.22,TREND_DOWN,ABORTED,0.0,-3135.979941365406,0.0,-3122.819941365402,0.0,-3122.819941365402,-3135.979941365406,0.0,False,0
2026-03-24T17:30:00+00:00,SPX,2026-03-23,6555.19,TREND_DOWN,ABORTED,0.0,-3135.979941365406,0.0,-3122.819941365402,0.0,-3122.819941365402,-3135.979941365406,0.0,False,0
2026-03-24T18:00:00+00:00,SPX,2026-03-23,6568.52,RANGE,ABORTED,0.0,-3135.979941365406,0.0,-3122.819941365402,0.0,-3122.819941365402,-3135.979941365406,0.0,False,0
2026-03-24T18:30:00+00:00,SPX,2026-03-23,6575.59,RANGE,ABORTED,0.0,-3135.979941365406,0.0,-3122.819941365402,0.0,-3122.819941365402,-3135.979941365406,0.0,False,0
2026-03-24T19:00:00+00:00,SPX,2026-03-23,6577.46,RANGE,ABORTED,0.0,-3135.979941365406,0.0,-3122.819941365402,0.0,-3122.819941365402,-3135.979941365406,0.0,False,0
2026-03-24T19:30:00+00:00,SPX,2026-03-23,6566.83,RANGE,ABORTED,0.0,-3135.979941365406,0.0,-3122.819941365402,0.0,-3122.819941365402,-3135.979941365406,0.0,False,0
2026-03-24T20:00:00+00:00,SPX,2026-03-23,6557.38,RANGE,ABORTED,0.0,-3135.979941365406,0.0,-3122.819941365402,0.0,-3122.819941365402,-3135.979941365406,0.0,False,0
2026-03-25T13:30:00+00:00,SPX,2026-03-23,6623.43,RANGE,ABORTED,0.0,-3135.979941365406,0.0,-3122.819941365402,0.0,-3122.819941365402,-3135.979941365406,0.0,False,0
2026-03-25T14:00:00+00:00,SPX,2026-03-23,6596.28,RANGE,ABORTED,0.0,-3135.979941365406,0.0,-3122.819941365402,0.0,-3122.819941365402,-3135.979941365406,0.0,False,0
2026-03-25T14:30:00+00:00,SPX,2026-03-23,6612.61,RANGE,ABORTED,0.0,-3135.979941365406,0.0,-3122.819941365402,0.0,-3122.819941365402,-3135.979941365406,0.0,False,0
2026-03-25T15:00:00+00:00,SPX,2026-03-23,6613.49,RANGE,ABORTED,0.0,-3135.979941365406,0.0,-3122.819941365402,0.0,-3122.819941365402,-3135.979941365406,0.0,False,0
2026-03-25T15:30:00+00:00,SPX,2026-03-23,6605.17,RANGE,ABORTED,0.0,-3135.979941365406,0.0,-3122.819941365402,0.0,-3122.819941365402,-3135.979941365406,0.0,False,0
2026-03-25T16:00:00+00:00,SPX,2026-03-23,6590.73,RANGE,ABORTED,0.0,-3135.979941365406,0.0,-3122.819941365402,0.0,-3122.819941365402,-3135.979941365406,0.0,False,0
2026-03-25T16:30:00+00:00,SPX,2026-03-23,6606.57,RANGE,ABORTED,0.0,-3135.979941365406,0.0,-3122.819941365402,0.0,-3122.819941365402,-3135.979941365406,0.0,False,0
2026-03-25T17:00:00+00:00,SPX,2026-03-23,6601.68,RANGE,ABORTED,0.0,-3135.979941365406,0.0,-3122.819941365402,0.0,-3122.819941365402,-3135.979941365406,0.0,False,0
2026-03-25T17:30:00+00:00,SPX,2026-03-23,6607.54,RANGE,ABORTED,0.0,-3135.979941365406,0.0,-3122.819941365402,0.0,-3122.819941365402,-3135.979941365406,0.0,False,0
2026-03-25T18:00:00+00:00,SPX,2026-03-23,6604.16,RANGE,ABORTED,0.0,-3135.979941365406,0.0,-3122.819941365402,0.0,-3122.819941365402,-3135.979941365406,0.0,False,0
2026-03-25T18:30:00+00:00,SPX,2026-03-23,6602.49,RANGE,ABORTED,0.0,-3135.979941365406,0.0,-3122.819941365402,0.0,-3122.819941365402,-3135.979941365406,0.0,False,0
2026-03-25T19:00:00+00:00,SPX,2026-03-23,6586.29,RANGE,ABORTED,0.0,-3135.979941365406,0.0,-3122.819941365402,0.0,-3122.819941365402,-3135.979941365406,0.0,False,0
2026-03-25T19:30:00+00:00,SPX,2026-03-23,6588.88,RANGE,ABORTED,0.0,-3135.979941365406,0.0,-3122.819941365402,0.0,-3122.819941365402,-3135.979941365406,0.0,False,0
2026-03-25T20:00:00+00:00,SPX,2026-03-23,6592.44,RANGE,ABORTED,0.0,-3135.979941365406,0.0,-3122.819941365402,0.0,-3122.819941365402,-3135.979941365406,0.0,False,0
2026-03-26T13:30:00+00:00,SPX,2026-03-23,6541.28,RANGE,ABORTED,0.0,-3135.979941365406,0.0,-3122.819941365402,0.0,-3122.819941365402,-3135.979941365406,0.0,False,0
2026-03-26T14:00:00+00:00,SPX,2026-03-23,6565.62,RANGE,ABORTED,0.0,-3135.979941365406,0.0,-3122.819941365402,0.0,-3122.819941365402,-3135.979941365406,0.0,False,0
2026-03-26T14:30:00+00:00,SPX,2026-03-23,6569.27,RANGE,ABORTED,0.0,-3135.979941365406,0.0,-3122.819941365402,0.0,-3122.819941365402,-3135.979941365406,0.0,False,0
2026-03-26T15:00:00+00:00,SPX,2026-03-23,6547.58,RANGE,ABORTED,0.0,-3135.979941365406,0.0,-3122.819941365402,0.0,-3122.819941365402,-3135.979941365406,0.0,False,0
2026-03-26T15:30:00+00:00,SPX,2026-03-23,6537.74,RANGE,ABORTED,0.0,-3135.979941365406,0.0,-3122.819941365402,0.0,-3122.819941365402,-3135.979941365406,0.0,False,0
2026-03-26T16:00:00+00:00,SPX,2026-03-23,6538.13,RANGE,ABORTED,0.0,-3135.979941365406,0.0,-3122.819941365402,0.0,-3122.819941365402,-3135.979941365406,0.0,False,0
2026-03-26T16:30:00+00:00,SPX,2026-03-23,6519.44,RANGE,ABORTED,0.0,-3135.979941365406,0.0,-3122.819941365402,0.0,-3122.819941365402,-3135.979941365406,0.0,False,0
2026-03-26T17:00:00+00:00,SPX,2026-03-23,6519.75,RANGE,ABORTED,0.0,-3135.979941365406,0.0,-3122.819941365402,0.0,-3122.819941365402,-3135.979941365406,0.0,False,0
2026-03-26T17:30:00+00:00,SPX,2026-03-23,6514.75,RANGE,ABORTED,0.0,-3135.979941365406,0.0,-3122.819941365402,0.0,-3122.819941365402,-3135.979941365406,0.0,False,0
2026-03-26T18:00:00+00:00,SPX,2026-03-23,6495.97,RANGE,ABORTED,0.0,-3135.979941365406,0.0,-3122.819941365402,0.0,-3122.819941365402,-3135.979941365406,0.0,False,0
2026-03-26T18:30:00+00:00,SPX,2026-03-23,6496.33,RANGE,ABORTED,0.0,-3135.979941365406,0.0,-3122.819941365402,0.0,-3122.819941365402,-3135.979941365406,0.0,False,0
2026-03-26T19:00:00+00:00,SPX,2026-03-23,6492.12,RANGE,ABORTED,0.0,-3135.979941365406,0.0,-3122.819941365402,0.0,-3122.819941365402,-3135.979941365406,0.0,False,0
2026-03-26T19:30:00+00:00,SPX,2026-03-23,6482.37,RANGE,ABORTED,0.0,-3135.979941365406,0.0,-3122.819941365402,0.0,-3122.819941365402,-3135.979941365406,0.0,False,0
2026-03-26T20:00:00+00:00,SPX,2026-03-23,6477.11,RANGE,ABORTED,0.0,-3135.979941365406,0.0,-3122.819941365402,0.0,-3122.819941365402,-3135.979941365406,0.0,False,0
2026-03-27T13:30:00+00:00,SPX,2026-03-23,6430.49,TREND_DOWN,ABORTED,0.0,-3135.979941365406,0.0,-3122.819941365402,0.0,-3122.819941365402,-3135.979941365406,0.0,False,0
2026-03-27T14:00:00+00:00,SPX,2026-03-23,6418.96,TREND_DOWN,ABORTED,0.0,-3135.979941365406,0.0,-3122.819941365402,0.0,-3122.819941365402,-3135.979941365406,0.0,False,0
2026-03-27T14:30:00+00:00,SPX,2026-03-23,6420.8,RANGE,ABORTED,0.0,-3135.979941365406,0.0,-3122.819941365402,0.0,-3122.819941365402,-3135.979941365406,0.0,False,0
2026-03-27T15:00:00+00:00,SPX,2026-03-23,6431.99,RANGE,ABORTED,0.0,-3135.979941365406,0.0,-3122.819941365402,0.0,-3122.819941365402,-3135.979941365406,0.0,False,0
2026-03-27T15:30:00+00:00,SPX,2026-03-23,6442.48,RANGE,ABORTED,0.0,-3135.979941365406,0.0,-3122.819941365402,0.0,-3122.819941365402,-3135.979941365406,0.0,False,0
2026-03-27T16:00:00+00:00,SPX,2026-03-23,6425.09,RANGE,ABORTED,0.0,-3135.979941365406,0.0,-3122.819941365402,0.0,-3122.819941365402,-3135.979941365406,0.0,False,0
2026-03-27T16:30:00+00:00,SPX,2026-03-23,6412.51,RANGE,ABORTED,0.0,-3135.979941365406,0.0,-3122.819941365402,0.0,-3122.819941365402,-3135.979941365406,0.0,False,0
2026-03-27T17:00:00+00:00,SPX,2026-03-23,6409.4,RANGE,ABORTED,0.0,-3135.979941365406,0.0,-3122.819941365402,0.0,-3122.819941365402,-3135.979941365406,0.0,False,0
2026-03-27T17:30:00+00:00,SPX,2026-03-23,6395.76,TREND_DOWN,ABORTED,0.0,-3135.979941365406,0.0,-3122.819941365402,0.0,-3122.819941365402,-3135.979941365406,0.0,False,0
2026-03-27T18:00:00+00:00,SPX,2026-03-23,6383.08,TREND_DOWN,ABORTED,0.0,-3135.979941365406,0.0,-3122.819941365402,0.0,-3122.819941365402,-3135.979941365406,0.0,False,0
2026-03-27T18:30:00+00:00,SPX,2026-03-23,6382.77,TREND_DOWN,ABORTED,0.0,-3135.979941365406,0.0,-3122.819941365402,0.0,-3122.819941365402,-3135.979941365406,0.0,False,0
2026-03-27T19:00:00+00:00,SPX,2026-03-23,6372.6,TREND_DOWN,ABORTED,0.0,-3135.979941365406,0.0,-3122.819941365402,0.0,-3122.819941365402,-3135.979941365406,0.0,False,0
2026-03-27T19:30:00+00:00,SPX,2026-03-23,6377.67,TREND_DOWN,ABORTED,0.0,-3135.979941365406,0.0,-3122.819941365402,0.0,-3122.819941365402,-3135.979941365406,0.0,False,0
2026-03-27T20:00:00+00:00,SPX,2026-03-23,6367.77,TREND_DOWN,ABORTED,0.0,-3135.979941365406,0.0,-3122.819941365402,0.0,-3122.819941365402,-3135.979941365406,0.0,False,0
